0.000000000000000000e+00
3.142664502224096906e-02
6.272901509014801313e-02
9.378332668791856952e-02
1.244667772334458050e-01
1.546580306944344563e-01
1.842376974051249394e-01
2.130888061862176441e-01
2.410972669010238434e-01
2.681523216186912362e-01
2.941469826004025623e-01
3.189784553765559472e-01
3.425485452418904342e-01
3.647640455610942078e-01
3.855371063493623351e-01
4.047855816703719856e-01
4.224333544779088623e-01
4.384106376165767260e-01
4.526542497912983132e-01
4.651078654143021018e-01
4.757222373415883609e-01
4.844553916180747710e-01
4.912727934613138614e-01
4.961474838274068655e-01
4.990601860190731487e-01
4.999993819142987128e-01
4.989613575141216284e-01
4.959502176294384168e-01
4.909778696487533400e-01
4.840639764510594190e-01
4.752358786500557875e-01
4.645284864771813682e-01
4.519841417310080933e-01
4.376524503389065401e-01
4.215900861931113353e-01
4.038605670369033729e-01
3.845340032871584768e-01
3.636868207865244229e-01
3.414014585815945413e-01
3.177660429221920713e-01
2.928740387709196646e-01
2.668238802010612920e-01
2.397185811444049741e-01
2.116653280282672633e-01
1.827750559126095076e-01
1.531620098033918964e-01
1.229432928769250560e-01
9.223840340174627173e-02
6.116876218922865510e-02
2.985723244160517001e-02
-1.572366103867999226e-03
-3.299574681331033515e-02
-6.428864764093424056e-02
-9.532732251653222577e-02
-1.259890306925625925e-01
-1.561525221157447629e-01
-1.856985169037839445e-01
-2.145101770311631517e-01
-2.424735683587436463e-01
-2.694781111801082263e-01
-2.954170175029788847e-01
-3.201877133365129136e-01
-3.436922443145550843e-01
-3.658376630508389793e-01
-3.865363966943587415e-01
-4.057065932314329326e-01
-4.232724451650302089e-01
-4.391644892913844078e-01
-4.533198813884444789e-01
-4.656826447299269867e-01
-4.762038914422257463e-01
-4.848420158288437865e-01
-4.915628588978520619e-01
-4.963398434417601313e-01
-4.991540791356340878e-01
-4.999944372378570256e-01
-4.988575945981307269e-01
-4.957480467986924433e-01
-4.906780903767797297e-01
-4.836677741986451506e-01
-4.747448201774066567e-01
-4.639445136482547305e-01
-4.513095638345171468e-01
-4.368899349563642454e-01
-4.207426486500251972e-01
-4.029315584788347726e-01
-3.835270974277994460e-01
-3.626059993801988290e-01
-3.402509956776262334e-01
-3.165504879634104540e-01
-2.915981986031369599e-01
-2.654928000646602504e-01
-2.383375247232135952e-01
-2.102397566346071722e-01
-1.813106068908336421e-01
-1.516644742373136623e-01
-1.214185926892936696e-01
-9.069256793632538005e-02
-5.960790436808712650e-02
-2.828752459189636317e-02
3.144716658033513187e-03
3.456452229739217369e-02
6.584764441781197630e-02
9.687037561844838440e-02
1.275100382001550514e-01
1.576454692877513053e-01
1.871574999620093660e-01
2.159294265066484531e-01
2.438474719068172702e-01
2.708012357740948728e-01
2.966841309188102405e-01
3.213938048432692374e-01
3.448325444891307545e-01
3.669076626383638851e-01
3.875318644398006995e-01
4.066235926118665356e-01
4.241073499564008698e-01
4.399139979082145602e-01
4.539810299397730731e-01
4.662528187398536361e-01
4.766808361887145407e-01
4.852238452598984786e-01
4.918480630898049988e-01
4.965272945701838525e-01
4.992430359352612035e-01
4.999845479338734244e-01
4.987488982972498874e-01
4.955409733345098600e-01
4.903734586100199078e-01
4.832667887790207395e-01
4.742490667798975879e-01
4.633559527026426816e-01
4.506305227729724971e-01
4.361230990097431093e-01
4.198910502292697022e-01
4.019985651834704909e-01
3.825163987289455503e-01
3.615215920307551234e-01
3.390971679073335188e-01
3.153318025212787368e-01
2.903194747143026944e-01
2.641590943730254271e-01
2.369541112952217865e-01
2.088121061032334469e-01
1.798443648222683988e-01
1.501654388058755452e-01
1.198926917488680466e-01
8.914583557898864141e-02
5.804645706261552657e-02
2.671753699652885602e-02
-4.717036112948500351e-03
-3.613295596029388740e-02
-6.740599000329187962e-02
-9.841247073385187005e-02
-1.290297847144245558e-01
-1.591368574461539676e-01
-1.886146321513849089e-01
-2.173465405771980163e-01
-2.452189639582099123e-01
-2.721216823157893705e-01
-2.979483103169489611e-01
-3.225967179693463582e-01
-3.459694344887729311e-01
-3.679740337420511209e-01
-3.885234997411438629e-01
-4.075365707431309326e-01
-4.249380605953431700e-01
-4.406591560549036335e-01
-4.546376889069440597e-01
-4.668183818054230660e-01
-4.771530668643741979e-01
-4.856008761351880421e-01
-4.921284032166842737e-01
-4.967098353589053383e-01
-4.993270555382282039e-01
-4.999697141001468448e-01
-4.986352696864163603e-01
-4.953289992847158540e-01
-4.900639773610881988e-01
-4.828610241576775652e-01
-4.737486233602151153e-01
-4.627628094608391418e-01
-4.499470252616591948e-01
-4.353519500825637212e-01
-4.190352993526130776e-01
-4.010615963775220894e-01
-3.815019171857636504e-01
-3.604336094622929698e-01
-3.379399866813398434e-01
-3.141099986478212425e-01
-2.890378797501859665e-01
-2.628227763156607555e-01
-2.355683545415090951e-01
-2.073823905527034384e-01
-1.783763442071155669e-01
-1.486649183335864433e-01
-1.183656051458407549e-01
-8.759822162593511319e-02
-5.648443571453679035e-02
-2.514728518168319812e-02
6.289308919369805510e-03
3.770103229120034399e-02
6.896366898632660947e-02
9.995359261240237270e-02
1.305482552060444612e-01
1.606266718420716055e-01
1.900698990617975259e-01
2.187615052284515860e-01
2.465880309497368861e-01
2.734394377468136184e-01
2.992095431954635565e-01
3.237964408186966847e-01
3.471029030703611795e-01
3.690367658161689546e-01
3.895112927917452339e-01
4.084455185964525614e-01
4.257645688666556461e-01
4.413999563623094979e-01
4.552898517960176639e-01
4.673793283335754833e-01
4.776205787991434915e-01
4.859731047261169334e-01
4.924038765061038436e-01
4.968874640027119982e-01
4.994061371136345739e-01
4.999499358833744411e-01
4.985167098893450999e-01
4.951121267455993458e-01
4.897496496905582863e-01
4.824504843473695348e-01
4.732434948674261732e-01
4.621650897886543374e-01
4.492590780599340916e-01
4.345764958009998291e-01
4.181754044828883687e-01
4.001206613270161805e-01
3.804836628308337909e-01
3.593420624342689718e-01
3.367794634434331802e-01
3.128850884259036791e-01
2.877534263849455543e-01
2.614838591079016172e-01
2.341802681663304186e-01
2.059506241219970502e-01
1.769065595631698351e-01
1.471629276596411184e-01
1.168373479821261940e-01
8.604974138208422441e-02
5.492185577125033996e-02
2.357678467615378567e-02
-7.861519528520703737e-03
-3.926873578283439359e-02
-7.052066596245863683e-02
-1.014937260133807750e-01
-1.320654346583026717e-01
-1.621148977421860982e-01
-1.915232863015830511e-01
-2.201743064673091221e-01
-2.479546593421944611e-01
-2.747544890354030045e-01
-3.004678170815616722e-01
-3.249929615268223326e-01
-3.482329390246101664e-01
-3.700958483509712571e-01
-3.904952338229584208e-01
-4.093504271829139229e-01
-4.265868665966964235e-01
-4.421363915043881598e-01
-4.559375121575170997e-01
-4.679356527769056862e-01
-4.780833673696252561e-01
-4.863405273515799543e-01
-4.926744802338079432e-01
-4.970601787449696607e-01
-4.994802798794136245e-01
-4.999252134791501989e-01
-4.983932200785172184e-01
-4.948903578618915611e-01
-4.894304787069307938e-01
-4.820351734080758344e-01
-4.727336862969316322e-01
-4.615627995971566810e-01
-4.485666879711567301e-01
-4.337967438338010129e-01
-4.173113741239089514e-01
-3.991757693372030569e-01
-3.794616457340443949e-01
-3.582469617413913676e-01
-3.356156096704522307e-01
-3.116570839691090722e-01
-2.864661273210105108e-01
-2.601423559907897753e-01
-2.327898658969786705e-01
-2.045168209703728257e-01
-1.754350254256665242e-01
-1.456594816377729529e-01
-1.153079353712208877e-01
-8.450041016092509072e-02
-5.335873268567974115e-02
-2.200605101119262885e-02
9.433652392233791290e-03
4.083605093160206506e-02
7.207696553397992256e-02
1.030328557058455691e-01
1.335813080672602071e-01
1.636015204288856495e-01
1.929747794976627850e-01
2.215849303220633615e-01
2.493188356204947553e-01
2.760668231765358582e-01
3.017231195317126025e-01
3.261862682608951958e-01
3.493595311761836797e-01
3.711512708728035848e-01
3.914753131042318368e-01
4.102512875535431203e-01
4.274049456534625979e-01
4.428684541982644274e-01
4.565806635864915197e-01
4.684873496337190191e-01
4.785414279991354602e-01
4.867031403780010534e-01
4.929402117236977299e-01
4.972279778776387271e-01
4.995494831023407079e-01
4.998955471319631028e-01
4.982648014751684951e-01
4.946636948267467138e-01
4.891064675666044748e-01
4.816150954469560763e-01
4.722192026904146189e-01
4.609559448426133743e-01
4.478698618426277256e-01
4.330127018922201310e-01
4.164432168203864859e-01
3.982269297524651530e-01
3.784358760024963964e-01
3.571483182135108403e-01
3.344484368721699630e-01
3.104259974216218021e-01
2.851759952889519334e-01
2.587982802309387598e-01
2.313971614836503599e-01
2.030809952772368587e-01
1.739617563471423378e-01
1.441545951361110633e-01
1.137773824380410859e-01
8.295024328435630923e-02
5.179508191612078316e-02
2.043509972035665798e-02
-1.100569196311318096e-02
-4.240296223775426310e-02
-7.363255231007051482e-02
-1.045709664687821394e-01
-1.350958604418915077e-01
-1.650865252004173889e-01
-1.944243642956946794e-01
-2.229933628425375403e-01
-2.506805462938012097e-01
-2.773764271920585722e-01
-3.029754381317729117e-01
-3.273763492198679126e-01
-3.504826683837980461e-01
-3.722030229442090388e-01
-3.924515209432019591e-01
-4.111480907994036205e-01
-4.282187979466730021e-01
-4.435961372043013551e-01
-4.572192997225831279e-01
-4.690344134480826099e-01
-4.789947561577442836e-01
-4.870609402193680770e-01
-4.932010683478572632e-01
-4.973908597412926569e-01
-4.996137460980396572e-01
-4.998609371351943609e-01
-4.981314553492772745e-01
-4.944321398817179136e-01
-4.887776194738431279e-01
-4.811902546183167151e-01
-4.717000491357911107e-01
-4.603445315264313442e-01
-4.471686065655140485e-01
-4.322243777299328293e-01
-4.155709411578470402e-01
-3.972741519562230095e-01
-3.774063637803993787e-01
-3.560461427155137137e-01
-3.332779565911855313e-01
-3.091918409581083105e-01
-2.838830430473543998e-01
-2.574516451204065803e-01
-2.300021686993071190e-01
-2.016431612419904151e-01
-1.724867668972964452e-01
-1.426482830370258692e-01
-1.122457043187870263e-01
-8.139925608254763856e-02
-5.023091892608418096e-02
-1.886394633935853035e-02
1.257762269468647685e-02
4.396945420552945266e-02
7.518741090696745566e-02
1.061080430912533235e-01
1.366090768042325654e-01
1.665698973710286745e-01
1.958720263601988198e-01
2.243995901002298898e-01
2.520397778956628976e-01
2.786832881308203835e-01
3.042247604971081154e-01
3.285631926345940479e-01
3.516023395403407026e-01
3.732510941640261870e-01
3.934238476857942479e-01
4.120408280516826283e-01
4.290284154278433681e-01
4.443194333261776818e-01
4.578534142500844673e-01
4.695768388098832680e-01
4.794433473623249675e-01
4.874139233372668523e-01
4.934570475265798728e-01
4.975488227251329554e-01
4.996730682309904470e-01
4.998213838311149626e-01
4.979931830195523101e-01
4.941956953167366273e-01
4.884439376807465094e-01
4.807606551235629744e-01
4.711762307671594763e-01
4.597285656951028421e-01
4.464629290747842427e-01
4.314317791429654325e-01
4.146945557625420498e-01
3.963174453708429579e-01
3.763731192489778721e-01
3.549404461472145944e-01
3.321041804028071476e-01
3.079546267835911455e-01
2.825872833826961195e-01
2.561024639765581701e-01
2.286049013395387575e-01
2.002033330839025072e-01
1.710100716628363549e-01
1.411405602369859291e-01
1.107129161607811191e-01
7.984746389377427034e-02
4.866625918415236340e-02
1.729260640590944351e-02
-1.414942904155852728e-02
-4.553551134332015776e-02
-7.674152594810815242e-02
-1.076440703725436987e-01
-1.381209421895360223e-01
-1.680516222711071206e-01
-1.973177513747197964e-01
-2.258035981884471410e-01
-2.533965169841361220e-01
-2.799873930687963308e-01
-3.054710742727117512e-01
-3.297467867679471087e-01
-3.527185335729759452e-01
-3.742954741674949237e-01
-3.943922837163144068e-01
-4.129294904817715217e-01
-4.298337900903718145e-01
-4.450383354109531675e-01
-4.584830008980062543e-01
-4.701146203548792202e-01
-4.798871971765943933e-01
-4.877620862409188796e-01
-4.937081467283944702e-01
-4.977018652670061605e-01
-4.997274489145346887e-01
-4.997768876108819591e-01
-4.978499858534188860e-01
-4.939543634700890862e-01
-4.881054254872151943e-01
-4.803263012111604890e-01
-4.706477527647520698e-01
-4.591080534401374424e-01
-4.457528363491423118e-01
-4.306349139696156736e-01
-4.138140693013657723e-01
-3.953568194575469152e-01
-3.753361526263632175e-01
-3.538312394432531205e-01
-3.309271199149347864e-01
-3.067143671333315003e-01
-2.812887291092189268e-01
-2.547507501419383202e-01
-2.272053732224386668e-01
-1.987615250419578206e-01
-1.695316852473370828e-01
-1.396314416464159158e-01
-1.091790331223233684e-01
-7.829488206427923092e-02
-4.710111816381502142e-02
-1.572109545956015819e-02
1.572109545956070983e-02
4.710111816381380018e-02
7.829488206427802355e-02
1.091790331223221749e-01
1.396314416464130570e-01
1.695316852473375824e-01
1.987615250419567103e-01
2.272053732224375844e-01
2.547507501419357112e-01
2.812887291092179276e-01
3.067143671333319443e-01
3.309271199149338427e-01
3.538312394432510111e-01
3.753361526263600534e-01
3.953568194575461381e-01
4.138140693013661053e-01
4.306349139696150630e-01
4.457528363491409795e-01
4.591080534401369428e-01
4.706477527647510706e-01
4.803263012111606556e-01
4.881054254872145282e-01
4.939543634700886421e-01
4.978499858534187750e-01
4.997768876108818481e-01
4.997274489145346332e-01
4.977018652670064380e-01
4.937081467283943592e-01
4.877620862409195457e-01
4.798871971765952260e-01
4.701146203548796088e-01
4.584830008980074756e-01
4.450383354109529455e-01
4.298337900903733688e-01
4.129294904817732426e-01
3.943922837163162387e-01
3.742954741674945351e-01
3.527185335729768334e-01
3.297467867679493847e-01
3.054710742727141382e-01
2.799873930687988288e-01
2.533965169841356224e-01
2.258035981884482513e-01
1.973177513747225442e-01
1.680516222711116447e-01
1.381209421895354950e-01
1.076440703725449061e-01
7.674152594810935979e-02
4.553551134332314843e-02
1.414942904155975026e-02
-1.729260640590999515e-02
-4.866625918415114216e-02
-7.984746389377304909e-02
-1.107129161607764561e-01
-1.411405602369881496e-01
-1.710100716628352169e-01
-2.002033330839013692e-01
-2.286049013395376750e-01
-2.561024639765540623e-01
-2.825872833826980068e-01
-3.079546267835902018e-01
-3.321041804028062039e-01
-3.549404461472124850e-01
-3.763731192489770394e-01
-3.963174453708432909e-01
-4.146945557625413836e-01
-4.314317791429647664e-01
-4.464629290747829105e-01
-4.597285656951023425e-01
-4.711762307671596983e-01
-4.807606551235626413e-01
-4.884439376807458433e-01
-4.941956953167364053e-01
-4.979931830195520326e-01
-4.998213838311149626e-01
-4.996730682309904470e-01
-4.975488227251332329e-01
-4.934570475265800393e-01
-4.874139233372675184e-01
-4.794433473623248010e-01
-4.695768388098843227e-01
-4.578534142500842452e-01
-4.443194333261782925e-01
-4.290284154278449225e-01
-4.120408280516822952e-01
-3.934238476857960798e-01
-3.732510941640258539e-01
-3.516023395403428120e-01
-3.285631926345963238e-01
-3.042247604971090591e-01
-2.786832881308199394e-01
-2.520397778956624535e-01
-2.243995901002325544e-01
-1.958720263602015677e-01
-1.665698973710298403e-01
-1.366090768042320380e-01
-1.061080430912545169e-01
-7.518741090697042551e-02
-4.396945420553421274e-02
-1.257762269468592521e-02
1.886394633935908199e-02
5.023091892608296666e-02
8.139925608254466871e-02
1.122457043187823633e-01
1.426482830370263966e-01
1.724867668972953072e-01
2.016431612419892772e-01
2.300021686993028724e-01
2.574516451204055256e-01
2.838830430473548438e-01
3.091918409581073668e-01
3.332779565911845876e-01
3.560461427155103276e-01
3.774063637804008775e-01
3.972741519562222323e-01
4.155709411578463186e-01
4.322243777299312750e-01
4.471686065655134934e-01
4.603445315264322324e-01
4.717000491357907221e-01
4.811902546183163820e-01
4.887776194738425173e-01
4.944321398817177471e-01
4.981314553492773300e-01
4.998609371351943609e-01
4.996137460980397682e-01
4.973908597412929899e-01
4.932010683478574853e-01
4.870609402193679105e-01
4.789947561577446167e-01
4.690344134480836646e-01
4.572192997225829059e-01
4.435961372043027429e-01
4.282187979466727246e-01
4.111480907994053413e-01
3.924515209432038465e-01
3.722030229442098714e-01
3.504826683838002110e-01
3.273763492198675240e-01
3.029754381317752987e-01
2.773764271920581281e-01
2.506805462938038187e-01
2.229933628425402325e-01
1.944243642956941520e-01
1.650865252004202199e-01
1.350958604418909803e-01
1.045709664687850815e-01
7.363255231007348467e-02
4.240296223775548434e-02
1.100569196311262932e-02
-2.043509972035543326e-02
-5.179508191611779944e-02
-8.295024328435335326e-02
-1.137773824380398924e-01
-1.441545951361115907e-01
-1.739617563471411998e-01
-2.030809952772341109e-01
-2.313971614836461133e-01
-2.587982802309407582e-01
-2.851759952889509342e-01
-3.104259974216208584e-01
-3.344484368721676870e-01
-3.571483182135075096e-01
-3.784358760024967294e-01
-3.982269297524644314e-01
-4.164432168203858198e-01
-4.330127018922177440e-01
-4.478698618426271705e-01
-4.609559448426128747e-01
-4.722192026904142304e-01
-4.816150954469557433e-01
-4.891064675666034756e-01
-4.946636948267465472e-01
-4.982648014751683840e-01
-4.998955471319630472e-01
-4.995494831023408189e-01
-4.972279778776388381e-01
-4.929402117236976744e-01
-4.867031403780013310e-01
-4.785414279991358488e-01
-4.684873496337200738e-01
-4.565806635864920193e-01
-4.428684541982642053e-01
-4.274049456534632085e-01
-4.102512875535448411e-01
-3.914753131042315037e-01
-3.711512708728055832e-01
-3.493595311761832356e-01
-3.261862682608961395e-01
-3.017231195317149894e-01
-2.760668231765354141e-01
-2.493188356204973366e-01
-2.215849303220628619e-01
-1.929747794976655606e-01
-1.636015204288851221e-01
-1.335813080672614006e-01
-1.030328557058485112e-01
-7.207696553397938133e-02
-4.083605093160505572e-02
-9.433652392233239647e-03
2.200605101118963125e-02
5.335873268567675742e-02
8.450041016092388335e-02
1.153079353712214289e-01
1.456594816377734802e-01
1.754350254256637209e-01
2.045168209703700779e-01
2.327898658969775880e-01
2.601423559907902749e-01
2.864661273210095116e-01
3.116570839691067407e-01
3.356156096704487335e-01
3.582469617413930330e-01
3.794616457340447835e-01
3.991757693372023352e-01
4.173113741239072860e-01
4.337967438337986259e-01
4.485666879711577293e-01
4.615627995971561814e-01
4.727336862969312437e-01
4.820351734080745576e-01
4.894304787069305718e-01
4.948903578618918941e-01
4.983932200785171074e-01
4.999252134791501989e-01
4.994802798794138465e-01
4.970601787449697717e-01
4.926744802338081097e-01
4.863405273515802318e-01
4.780833673696261443e-01
4.679356527769073515e-01
4.559375121575175993e-01
4.421363915043887705e-01
4.265868665966970896e-01
4.093504271829156438e-01
3.904952338229591979e-01
3.700958483509708685e-01
3.482329390246109990e-01
3.249929615268246086e-01
3.004678170815640037e-01
2.747544890354040037e-01
2.479546593421939893e-01
2.201743064673102324e-01
1.915232863015858267e-01
1.621148977421855708e-01
1.320654346583046979e-01
1.014937260133802338e-01
7.052066596246073238e-02
3.926873578283738425e-02
7.861519528521040273e-03
-2.357678467615078807e-02
-5.492185577124999996e-02
-8.604974138208301704e-02
-1.168373479821267352e-01
-1.471629276596399527e-01
-1.769065595631670318e-01
-2.059506241219959399e-01
-2.341802681663285313e-01
-2.614838591079012842e-01
-2.877534263849438334e-01
-3.128850884259006815e-01
-3.367794634434322920e-01
-3.593420624342699710e-01
-3.804836628308335689e-01
-4.001206613270149037e-01
-4.181754044828862038e-01
-4.345764958009987744e-01
-4.492590780599339251e-01
-4.621650897886538933e-01
-4.732434948674255071e-01
-4.824504843473684801e-01
-4.897496496905586194e-01
-4.951121267455992903e-01
-4.985167098893449888e-01
-4.999499358833743856e-01
-4.994061371136347960e-01
-4.968874640027119427e-01
-4.924038765061040657e-01
-4.859731047261172110e-01
-4.776205787991443796e-01
-4.673793283335759274e-01
-4.552898517960174418e-01
-4.413999563623101086e-01
-4.257645688666567563e-01
-4.084455185964547819e-01
-3.895112927917465662e-01
-3.690367658161691766e-01
-3.471029030703620122e-01
-3.237964408186989607e-01
-2.992095431954638340e-01
-2.734394377468153947e-01
-2.465880309497371636e-01
-2.187615052284535011e-01
-1.900698990618011341e-01
-1.606266718420727435e-01
-1.305482552060464874e-01
-9.995359261240270576e-02
-6.896366898632869114e-02
-3.770103229120067706e-02
-6.289308919371917536e-03
2.514728518168020052e-02
5.648443571453556911e-02
8.759822162593217110e-02
1.183656051458395614e-01
1.486649183335844171e-01
1.783763442071160665e-01
2.073823905527023281e-01
2.355683545415095947e-01
2.628227763156597008e-01
2.890378797501835240e-01
3.141099986478209649e-01
3.379399866813382891e-01
3.604336094622927478e-01
3.815019171857628733e-01
4.010615963775202575e-01
4.190352993526129111e-01
4.353519500825644428e-01
4.499470252616590282e-01
4.627628094608383647e-01
4.737486233602138941e-01
4.828610241576770101e-01
4.900639773610884764e-01
4.953289992847157985e-01
4.986352696864161937e-01
4.999697141001467893e-01
4.993270555382281484e-01
4.967098353589052828e-01
4.921284032166844957e-01
4.856008761351887637e-01
4.771530668643756412e-01
4.668183818054225109e-01
4.546376889069442262e-01
4.406591560549041886e-01
4.249380605953447798e-01
4.075365707431316542e-01
3.885234997411435298e-01
3.679740337420519536e-01
3.459694344887744855e-01
3.225967179693493003e-01
2.979483103169499603e-01
2.721216823157889264e-01
2.452189639582109670e-01
2.173465405771999037e-01
1.886146321513885171e-01
1.591368574461559660e-01
1.290297847144248611e-01
9.841247073385393784e-02
6.740599000329486334e-02
3.613295596029422740e-02
4.717036112950613244e-03
-2.671753699652851949e-02
-5.804645706261342408e-02
-8.914583557898481114e-02
-1.198926917488668531e-01
-1.501654388058726863e-01
-1.798443648222672608e-01
-2.088121061032315318e-01
-2.369541112952215089e-01
-2.641590943730243723e-01
-2.903194747143002519e-01
-3.153318025212777931e-01
-3.390971679073312983e-01
-3.615215920307542907e-01
-3.825163987289436629e-01
-4.019985651834702689e-01
-4.198910502292690361e-01
-4.361230990097433868e-01
-4.506305227729719420e-01
-4.633559527026415714e-01
-4.742490667798974768e-01
-4.832667887790201844e-01
-4.903734586100198523e-01
-4.955409733345096379e-01
-4.987488982972496654e-01
-4.999845479338734244e-01
-4.992430359352611480e-01
-4.965272945701839080e-01
-4.918480630898053874e-01
-4.852238452598993113e-01
-4.766808361887150403e-01
-4.662528187398534696e-01
-4.539810299397734061e-01
-4.399139979082157814e-01
-4.241073499564031457e-01
-4.066235926118654254e-01
-3.875318644398006440e-01
-3.669076626383646622e-01
-3.448325444891329195e-01
-3.213938048432729011e-01
-2.966841309188090747e-01
-2.708012357740951503e-01
-2.438474719068187413e-01
-2.159294265066515617e-01
-1.871574999620105040e-01
-1.576454692877503616e-01
-1.275100382001558008e-01
-9.687037561845089628e-02
-6.584764441781539024e-02
-3.456452229739383902e-02
-3.144716658033405634e-03
2.828752459189513846e-02
5.960790436808414972e-02
9.069256793632504698e-02
1.214185926892916295e-01
1.516644742373133570e-01
1.813106068908320878e-01
2.102397566346044522e-01
2.383375247232129013e-01
2.654928000646580855e-01
2.915981986031363493e-01
3.165504879634091773e-01
3.402509956776262889e-01
3.626059993801977188e-01
3.835270974277975031e-01
4.029315584788340510e-01
4.207426486500238094e-01
4.368899349563641343e-01
4.513095638345162031e-01
4.639445136482533982e-01
4.747448201774062682e-01
4.836677741986453172e-01
4.906780903767796187e-01
4.957480467986921102e-01
4.988575945981305049e-01
4.999944372378570256e-01
4.991540791356340878e-01
4.963398434417602978e-01
4.915628588978526170e-01
4.848420158288448412e-01
4.762038914422253022e-01
4.656826447299271532e-01
4.533198813884453671e-01
4.391644892913858511e-01
4.232724451650308750e-01
4.057065932314323220e-01
3.865363966943592411e-01
3.658376630508405891e-01
3.436922443145577488e-01
3.201877133365141903e-01
2.954170175029786072e-01
2.694781111801090590e-01
2.424735683587460611e-01
2.145101770311668432e-01
1.856985169037826122e-01
1.561525221157446797e-01
1.259890306925640080e-01
9.532732251653518174e-02
6.428864764093523976e-02
3.299574681330912085e-02
1.572366103868557590e-03
-2.985723244160306059e-02
-6.116876218922523423e-02
-9.223840340174484231e-02
-1.229432928769258054e-01
-1.531620098033909527e-01
-1.827750559126073426e-01
-2.116653280282637384e-01
-2.397185811444033088e-01
-2.668238802010613475e-01
-2.928740387709186654e-01
-3.177660429221899063e-01
-3.414014585815939862e-01
-3.636868207865228131e-01
-3.845340032871582547e-01
-4.038605670369024292e-01
-4.215900861931094479e-01
-4.376524503389059295e-01
-4.519841417310068721e-01
-4.645284864771811462e-01
-4.752358786500551213e-01
-4.840639764510593634e-01
-4.909778696487530070e-01
-4.959502176294380282e-01
-4.989613575141215729e-01
-4.999993819142987128e-01
-4.990601860190731487e-01
-4.961474838274070875e-01
-4.912727934613145275e-01
-4.844553916180751596e-01
-4.757222373415881944e-01
-4.651078654143024904e-01
-4.526542497912994234e-01
-4.384106376165786689e-01
-4.224333544779099725e-01
-4.047855816703719301e-01
-3.855371063493632788e-01
-3.647640455610962062e-01
-3.425485452418936538e-01
-3.189784553765550590e-01
-2.941469826004028398e-01
-2.681523216186927905e-01
-2.410972669010268132e-01
-2.130888061862188376e-01
-1.842376974051242733e-01
-1.546580306944352057e-01
-1.244667772334480393e-01
-9.378332668792230264e-02
-6.272901509014625065e-02
-3.142664502224069151e-02
-1.224646799147353256e-15
