2.636532833870610104e-01
2.663812294495417343e-01
2.691348541776442671e-01
2.719085261292051303e-01
2.746961798232342988e-01
2.774973826311185610e-01
2.803159658309690161e-01
2.831558427710741399e-01
2.860085129342355703e-01
2.888561428619983995e-01
2.916987788033624240e-01
2.945598903593598661e-01
2.974519477780778742e-01
3.003563019873538020e-01
3.032490059125255155e-01
3.061011924776248505e-01
3.088781516172407482e-01
3.115758924796104279e-01
3.142012209029219627e-01
3.167421488568796795e-01
3.191913968621408193e-01
3.215410189172658306e-01
3.237672970121501792e-01
3.258592803033393270e-01
3.278534109139430441e-01
3.298102593577089126e-01
3.317432574884858210e-01
3.336145130622944488e-01
3.353789305785677688e-01
3.370274264618426385e-01
3.385968212981084746e-01
3.401014419296272684e-01
3.415182863359390031e-01
3.428426842342513492e-01
3.441247253052986954e-01
3.454315750857064882e-01
3.467848045134296342e-01
3.481468682446515195e-01
3.494669657177290056e-01
3.507603885818174616e-01
3.520710345056042856e-01
3.534127257684406276e-01
3.547903786477541455e-01
3.562047333889230005e-01
3.576377233708762371e-01
3.590725849581039020e-01
3.605247818452224084e-01
3.620152310168782139e-01
3.635460644204251968e-01
3.651167817798467441e-01
3.667262321629373156e-01
3.683708545673114454e-01
3.700483066051668546e-01
3.717556249086532705e-01
3.734970102366527156e-01
3.752805817315598147e-01
3.771074796238857441e-01
3.789806144883849370e-01
3.809001302026130964e-01
3.828380887635515206e-01
3.847575809272865133e-01
3.866468574565041783e-01
3.885180418261277024e-01
3.903845489522695944e-01
3.922337598784590429e-01
3.940596476004626370e-01
3.958868936426273022e-01
3.977202811367034352e-01
3.995058170800587227e-01
4.011935029133018027e-01
4.027916549342519525e-01
4.043204525567501428e-01
4.058267281618276878e-01
4.073435443993841387e-01
4.088242185240832383e-01
4.102170230336208978e-01
4.115223700189400424e-01
4.127464849479245412e-01
4.138492733656596867e-01
4.148008908877756085e-01
4.156282334858953931e-01
4.163728700194985755e-01
4.170331116042399477e-01
4.176012334048722074e-01
4.181052260017931732e-01
4.185709399770856654e-01
4.190196585515297278e-01
4.194613121632519981e-01
4.198970105658186291e-01
4.203215135139480862e-01
4.207273685858378687e-01
4.211247179200842683e-01
4.215157275079937649e-01
4.218946947025159488e-01
4.222850291767373254e-01
4.227149900319556730e-01
4.231814869350332686e-01
4.236787589386907249e-01
4.242127837980135818e-01
4.247837047896370066e-01
4.253910515403998560e-01
4.260389669334554430e-01
4.267294571655457225e-01
4.274664777443014096e-01
4.282485728480188159e-01
4.290654356300268035e-01
4.299184588953530728e-01
4.308139034578159499e-01
4.317335358121908717e-01
4.326631936231388198e-01
4.336144564029044135e-01
4.345701731695050807e-01
4.355082011878491643e-01
4.364498941387965347e-01
4.373989592236734447e-01
4.383339860770478214e-01
4.392529639804958475e-01
4.401581559087564544e-01
4.410180491405765180e-01
4.417844887909030405e-01
4.424491997708842050e-01
4.430395884193443767e-01
4.435934061354310787e-01
4.441073879896817456e-01
4.445406095639299893e-01
4.449033571451045943e-01
4.452310896700074627e-01
4.455460128655815422e-01
4.458805711141712869e-01
4.462314379302476652e-01
4.465526017062178554e-01
4.468364379915906737e-01
4.471025075044535169e-01
4.473636800969143512e-01
4.476359656859004721e-01
4.479121005629936314e-01
4.481760380464607230e-01
4.484133483506553830e-01
4.486319984377320491e-01
4.488590206332039867e-01
4.491040434851213403e-01
4.493735559425366954e-01
4.496655077912635745e-01
4.499692912262552302e-01
4.502970749223081381e-01
4.506689323901160726e-01
4.510815304770431911e-01
4.515290991969376777e-01
4.520140419751362271e-01
4.525417747346610065e-01
4.531159597345418844e-01
4.537352844644269023e-01
4.543983536562227754e-01
4.551057222058257357e-01
4.558559143103404487e-01
4.566393350585652988e-01
4.574390425139933103e-01
4.582529071120631792e-01
4.591060408722840713e-01
4.599949976381125794e-01
4.608814406701854938e-01
4.617528271891755409e-01
4.626255950289628882e-01
4.635333661938441652e-01
4.644701609859618330e-01
4.653706223765626260e-01
4.661815730614674580e-01
4.668647356606177024e-01
4.673953643140396630e-01
4.678061777335312810e-01
4.681665906444776315e-01
4.685273306354459932e-01
4.689054708019763651e-01
4.693212870627567201e-01
4.697772320433724058e-01
4.701923494358940525e-01
4.705122163540318425e-01
4.707388490731923003e-01
4.708654061085130738e-01
4.709388452107374223e-01
4.710370425047936682e-01
4.711851763797465509e-01
4.713396277151953306e-01
4.714591405638871580e-01
4.715499686335114515e-01
4.716095219087753643e-01
4.716220198299230781e-01
4.715962566727383565e-01
4.715644918441302957e-01
4.715586988404212865e-01
4.715902466975864238e-01
4.716588706594989078e-01
4.717670785043134307e-01
4.719046594563169883e-01
4.720517302406410098e-01
4.722160537102031430e-01
4.724216969030138324e-01
4.726806302357514089e-01
4.729934672035576160e-01
4.733564185043431793e-01
4.737666651770046644e-01
4.742229656640371549e-01
4.747278495506354057e-01
4.752827939688491488e-01
4.758759596081145182e-01
4.764954022442813852e-01
4.771343601569567050e-01
4.777847327740994965e-01
4.784578999105614239e-01
4.791708422509836640e-01
4.799051196731026758e-01
4.806392940996476737e-01
4.813694741780312203e-01
4.820723464966140681e-01
4.827566162075847545e-01
4.834640419878384887e-01
4.841766360823498427e-01
4.848549422465604497e-01
4.855122893668236683e-01
4.861378852956816932e-01
4.866807083675148138e-01
4.871483904044688340e-01
4.875524009583037666e-01
4.878917631160420432e-01
4.881884480449945607e-01
4.884288567359553190e-01
4.885843329233593435e-01
4.886563907531227269e-01
4.886738431473812705e-01
4.886558750950960595e-01
4.886152187063840246e-01
4.885524814616791778e-01
4.884516075146728697e-01
4.883217541658151917e-01
4.881580124505773832e-01
4.879158423258336819e-01
4.875709370125532738e-01
4.871734464949737387e-01
4.867870403793095324e-01
4.864051075904923249e-01
4.860066224138285818e-01
4.856036577793487741e-01
4.852109123023459758e-01
4.848376561974765964e-01
4.844902170810179154e-01
4.841746036948123555e-01
4.838984090426639573e-01
4.836686391776660043e-01
4.834879148013878636e-01
4.833555120522660675e-01
4.832728932548273626e-01
4.832393073090848756e-01
4.832485447078265217e-01
4.832992444011318667e-01
4.833984100754788460e-01
4.835509531107013981e-01
4.837563955397288229e-01
4.839950196996059550e-01
4.842336961528863060e-01
4.844678401291756531e-01
4.847077994375632026e-01
4.849487954989091243e-01
4.852034584950447038e-01
4.854742010817560405e-01
4.857398131066053559e-01
4.859965778006837267e-01
4.862406489686342259e-01
4.864507168519099922e-01
4.866046833003318528e-01
4.867024002674911753e-01
4.867419316525853357e-01
4.867335497196307315e-01
4.866998266153908514e-01
4.866370146805393815e-01
4.865251489510667993e-01
4.863338813626569279e-01
4.860680719890096979e-01
4.857570365391452039e-01
4.853882531348371332e-01
4.849401441248766265e-01
4.844184183145519573e-01
4.838289291128529124e-01
4.831926739429676099e-01
4.825481747278041467e-01
4.819195654411611573e-01
4.813168949197277335e-01
4.807187968456269056e-01
4.801076939021740597e-01
4.794807901430983010e-01
4.788364866423047705e-01
4.781990192700195097e-01
4.775963729955041148e-01
4.770512064692805643e-01
4.765576227883412952e-01
4.760831380226677179e-01
4.756233000123711308e-01
4.751987376534802521e-01
4.748213915713564437e-01
4.744910037299126526e-01
4.742101313633479975e-01
4.739802068253122780e-01
4.737962692062232528e-01
4.736565409806116622e-01
4.735647866339585121e-01
4.735203846758803681e-01
4.735195314028233793e-01
4.735588839402604666e-01
4.736277702442948656e-01
4.737175516400226605e-01
4.738369845905345823e-01
4.740066115875948283e-01
4.742095596495263243e-01
4.744243519468658299e-01
4.746755990632158806e-01
4.749519701322814647e-01
4.751999195356587102e-01
4.753945263519025466e-01
4.755292925303303275e-01
4.756292910492743720e-01
4.757336440463925120e-01
4.758331478754524446e-01
4.759227618096106283e-01
4.759971835076136082e-01
4.760178436310268935e-01
4.759475197938222713e-01
4.757840855296185945e-01
4.755385566811837217e-01
4.751953005487892234e-01
4.747575613204852440e-01
4.742233229381110915e-01
4.736054213801961787e-01
4.729573819930882883e-01
4.722955598017158363e-01
4.716271955134747618e-01
4.709475380425880986e-01
4.702519115152157259e-01
4.695746852744326350e-01
4.689183522194435572e-01
4.682511675998166090e-01
4.675548683485233337e-01
4.668475176572483565e-01
4.661667264085513906e-01
4.655250872889500346e-01
4.649207137583499239e-01
4.643517924568667521e-01
4.638183512944813458e-01
4.633258631280973705e-01
4.628752835267209154e-01
4.624686560248698619e-01
4.621091247518903655e-01
4.617961881581134076e-01
4.615302653758350804e-01
4.613091358407216958e-01
4.611279606276144083e-01
4.609879086412634885e-01
4.608946017869077760e-01
4.608537835309452491e-01
4.608712408329465049e-01
4.609406816278183161e-01
4.610331985235210928e-01
4.611407245817142897e-01
4.612983698636849428e-01
4.614995389404098480e-01
4.617055726699320073e-01
4.618964508039846706e-01
4.620469731804660030e-01
4.621437969233825327e-01
4.621944070878388766e-01
4.622171477989844846e-01
4.622291215730199854e-01
4.622302862552180036e-01
4.621903112583720663e-01
4.620985994614614234e-01
4.620010915857368228e-01
4.619143786045090683e-01
4.617792152427132590e-01
4.615697678126035597e-01
4.613290530351528140e-01
4.610817772492489808e-01
4.608508224062757286e-01
4.606423951758888968e-01
4.604137412190015266e-01
4.601530411435934553e-01
4.598903164882383043e-01
4.596291282496013930e-01
4.593550022805208410e-01
4.590587171207258232e-01
4.587411387083226710e-01
4.584301900962717280e-01
4.581144369157618135e-01
4.577519012367616269e-01
4.573633343033567944e-01
4.569864732765376858e-01
4.566263165747371788e-01
4.562934595432934226e-01
4.560067833936487514e-01
4.557727177385397233e-01
4.555884872420583043e-01
4.554465651990987629e-01
4.553439426974216220e-01
4.552841797795948997e-01
4.552699155418165611e-01
4.552987624059229299e-01
4.553657498750190991e-01
4.554749980653106656e-01
4.556381274872690623e-01
4.558475580138394156e-01
4.560851234958308575e-01
4.563575402264289926e-01
4.566595996792678358e-01
4.569627472024118675e-01
4.572589732166937315e-01
4.575486008660319404e-01
4.578296355063715684e-01
4.580991350181281008e-01
4.583438402052134042e-01
4.585633019711386482e-01
4.587780234332458074e-01
4.589731593246975661e-01
4.591194773731773204e-01
4.592378749572788021e-01
4.593431816801663015e-01
4.594046313204235288e-01
4.593845453550124969e-01
4.592609884345897342e-01
4.590568077848149464e-01
4.588110334484875041e-01
4.584977497851378536e-01
4.580970597331280869e-01
4.576441248535860762e-01
4.571706504032743701e-01
4.566938969805263704e-01
4.562127818646436461e-01
4.557361178483143593e-01
4.552658809538063789e-01
4.547688304093343570e-01
4.542160673455007958e-01
4.536126319376151961e-01
4.530148359762388721e-01
4.524499941700952932e-01
4.518875101307718856e-01
4.513150486045586773e-01
4.507465748838169750e-01
4.502153450564391757e-01
4.497394402968952765e-01
4.493094214814803422e-01
4.489180128421627058e-01
4.485607579061161032e-01
4.482411488465274374e-01
4.479671721375091953e-01
4.477391117529720965e-01
4.475542652662036214e-01
4.474106676714605935e-01
4.473082325166202744e-01
4.472463098788055924e-01
4.472226486924497091e-01
4.472370347912207889e-01
4.472806370551384858e-01
4.473588928960776090e-01
4.474861464072620310e-01
4.476331835306812668e-01
4.477586519362893314e-01
4.478568545396071077e-01
4.479547780376856303e-01
4.480871992565663153e-01
4.482659687611948995e-01
4.484502446892351668e-01
4.486064613776293841e-01
4.487690894320679469e-01
4.489671932708849122e-01
4.491581748516031980e-01
4.492910856425856303e-01
4.493949746587603267e-01
4.494964507065852821e-01
4.495520033993956610e-01
4.495304216871751635e-01
4.494574263102538714e-01
4.493663866571923626e-01
4.492490587791445611e-01
4.490858056318152713e-01
4.488929251718047353e-01
4.486966630508039677e-01
4.484895978528715133e-01
4.482677535661039880e-01
4.480408284676954400e-01
4.477880869139967968e-01
4.474920545820717521e-01
4.471597886719896331e-01
4.468171666237046868e-01
4.464862192302446187e-01
4.461720798276226363e-01
4.458942083771587073e-01
4.456643791663141840e-01
4.454752842521690348e-01
4.453204513819146726e-01
4.452003534249516781e-01
4.451228878643166964e-01
4.450892342442841487e-01
4.450955943409994342e-01
4.451441879573788674e-01
4.452373008237320851e-01
4.453728646955012471e-01
4.455459228743025579e-01
4.457577982868300426e-01
4.460151989674155937e-01
4.463200190806014822e-01
4.466696523203209646e-01
4.470561972324084699e-01
4.474745357052695716e-01
4.479192765033682688e-01
4.483712901225822556e-01
4.488244568707646098e-01
4.492934685617069879e-01
4.497958871065964592e-01
4.503360394538309941e-01
4.508831394840673856e-01
4.514131477108930257e-01
4.519267840686465587e-01
4.524474306437909488e-01
4.530101703012696657e-01
4.536173207158373244e-01
4.542461106748892918e-01
4.548810914545323714e-01
4.554826512670271943e-01
4.559816150918398758e-01
4.563829285594917518e-01
4.567442418805648940e-01
4.570907164218102059e-01
4.573973069542678904e-01
4.576417356406626835e-01
4.578675991206428431e-01
4.580981221651325708e-01
4.582790867863053008e-01
4.583703939956645934e-01
4.583842405882577742e-01
4.583675087424863848e-01
4.583638965836935308e-01
4.583550776486184919e-01
4.583141945040173915e-01
4.582564402042803020e-01
4.581955517255069665e-01
4.581497600064119990e-01
4.581433020373277820e-01
4.581631635016535364e-01
4.582089960319843391e-01
4.583025526849569542e-01
4.584343080658003777e-01
4.585920180467604190e-01
4.587823230922579709e-01
4.590148093002385798e-01
4.592932032380146468e-01
4.596168447820737635e-01
4.599855091741476554e-01
4.604069954846658486e-01
4.608890837278279418e-01
4.614175631050427273e-01
4.619732917167275743e-01
4.625482623506300128e-01
4.631263827668489208e-01
4.636980864890812293e-01
4.642980590573991262e-01
4.649545158498534780e-01
4.656436562273705282e-01
4.663432272945297052e-01
4.670361982822163749e-01
4.676864874830265473e-01
4.682839074758229914e-01
4.688627112729013557e-01
4.694402539855083711e-01
4.699793901853633327e-01
4.704658997062291514e-01
4.709294425617130408e-01
4.713383707536173417e-01
4.716512394001988184e-01
4.718775138702894223e-01
4.720155526317657557e-01
4.720674150158985505e-01
4.720318415497701814e-01
4.718949314979313803e-01
4.716626965666183557e-01
4.713481778034056546e-01
4.709596632229269275e-01
4.705074797212128734e-01
4.700092465948439990e-01
4.694859824997596465e-01
4.689334275772989447e-01
4.683387196563088550e-01
4.677392542949408982e-01
4.672006722749882934e-01
4.667309252621753557e-01
4.662960970242603920e-01
4.658862409745551103e-01
4.654951510403294579e-01
4.651187559289496343e-01
4.647719452886812652e-01
4.644711467757295931e-01
4.642248857999971001e-01
4.640353631367071241e-01
4.638998834100205304e-01
4.638152708954262349e-01
4.637796384859709242e-01
4.637891609219217393e-01
4.638422869159848361e-01
4.639384961439199095e-01
4.640837087072005596e-01
4.642844755441483673e-01
4.645337572412737148e-01
4.648280884620374920e-01
4.651581277921284507e-01
4.655038176126976013e-01
4.658607804252568041e-01
4.662467150697986451e-01
4.666788536981504865e-01
4.671434065086683129e-01
4.676092450246305265e-01
4.680636381531703694e-01
4.685020771263812001e-01
4.689090463697045963e-01
4.692757326950326990e-01
4.696129624845016282e-01
4.699258226125559990e-01
4.702030212418163990e-01
4.704465826472477574e-01
4.706558762500016035e-01
4.708044700389182324e-01
4.708792357099642056e-01
4.709321837583437809e-01
4.710047307384338522e-01
4.710642008757389143e-01
4.710665670216898082e-01
4.709763152456165058e-01
4.707692666583950247e-01
4.704652021481288693e-01
4.701267215705263181e-01
4.697933219472022470e-01
4.694716525017786912e-01
4.691686529388802152e-01
4.688833306550123647e-01
4.686254038374699227e-01
4.684111775893336493e-01
4.682212701535078958e-01
4.680431477657110984e-01
4.679036557083934289e-01
4.678117746350949901e-01
4.677467332532263544e-01
4.677009772248126307e-01
4.676864854722033726e-01
4.677145871028167701e-01
4.677916735641296508e-01
4.679194192424891430e-01
4.680960555362322917e-01
4.683183573297161062e-01
4.685845539624050038e-01
4.688953781149088340e-01
4.692477170736371606e-01
4.696363068251808714e-01
4.700555367022492548e-01
4.705087857171362242e-01
4.710026087412310103e-01
4.715184706537129955e-01
4.720382483265481710e-01
4.725426045557016286e-01
4.730036965954405037e-01
4.734366977905651863e-01
4.738590972893855224e-01
4.742269877414769241e-01
4.744929556540384841e-01
4.746982160357132163e-01
4.749204141106254662e-01
4.751707538165435563e-01
4.754212929696967072e-01
4.756449925033471859e-01
4.758136603739105408e-01
4.759012304830337881e-01
4.759115345161807342e-01
4.758747888621950861e-01
4.757918757426745637e-01
4.756346087297412262e-01
4.753730520463562703e-01
4.750069078700332459e-01
4.745765046845595303e-01
4.741111041654402780e-01
4.736056632586423398e-01
4.730590568676196206e-01
4.724822918452615816e-01
4.718764589539631849e-01
4.712592831642558600e-01
4.706585226483475659e-01
4.700839586231033707e-01
4.695343759212295964e-01
4.690053619438340760e-01
4.685054464254848061e-01
4.680292371953010400e-01
4.675547184864755623e-01
4.670969028476832929e-01
4.666838303572320434e-01
4.663199536523578437e-01
4.660014397767677230e-01
4.657272320243451835e-01
4.655007721197970683e-01
4.653226505976046923e-01
4.651897801639277019e-01
4.651032887267092519e-01
4.650612083491612592e-01
4.650491311942198669e-01
4.650614306428684230e-01
4.651116982318347914e-01
4.651979282180714881e-01
4.653118676549912180e-01
4.654691414492777568e-01
4.656687993187894059e-01
4.658667087233007154e-01
4.660316802705707917e-01
4.661867636843564089e-01
4.663348359660035580e-01
4.664603122865193519e-01
4.665635915718214788e-01
4.666242852611136027e-01
4.666342736311281381e-01
4.665996064088939188e-01
4.665330442231683805e-01
4.664471536223711023e-01
4.663354794675986237e-01
4.661961932708316159e-01
4.660011407724407584e-01
4.656945101011440991e-01
4.652740977826420599e-01
4.647747253244522425e-01
4.642110432100498563e-01
4.636345272983271593e-01
4.630764681546164496e-01
4.624757771016953511e-01
4.618114054790286582e-01
4.611171443368419776e-01
4.604207065121742048e-01
4.597322882192251825e-01
4.590373221432965112e-01
4.583359050761929288e-01
4.576259067673664194e-01
4.568901696551486702e-01
4.561346955818741944e-01
4.553873566186627531e-01
4.546795680776660742e-01
4.540099544979057655e-01
4.533525411169506691e-01
4.527096987949206786e-01
4.520963181572013045e-01
4.515178269302752012e-01
4.509789046295734072e-01
4.504850758197594951e-01
4.500380445183655431e-01
4.496384630491421230e-01
4.492852573742283084e-01
4.489700872798664255e-01
4.486948913279197315e-01
4.484617784478346358e-01
4.482442406427538106e-01
4.480322010854300707e-01
4.478508783427790352e-01
4.476984515582596025e-01
4.475529815095189434e-01
4.474290429229874078e-01
4.473484701307203770e-01
4.472985443421728102e-01
4.472635855731663668e-01
4.472694746684945377e-01
4.473373994260002595e-01
4.474301014909498053e-01
4.475194203816090233e-01
4.476239595484171607e-01
4.477380733727338025e-01
4.478114440925379247e-01
4.478420434003336781e-01
4.478563865518444542e-01
4.478139316304945439e-01
4.476759885146571749e-01
4.474699495656922488e-01
4.472365671086031003e-01
4.469911582774855896e-01
4.467386730831711672e-01
4.464909817387394675e-01
4.462545595868916970e-01
4.460095567373450476e-01
4.457128645668552158e-01
4.453503800482215835e-01
4.449443955159110287e-01
4.445064776686931118e-01
4.440444635853810218e-01
4.435740679720452384e-01
4.430994447628642807e-01
4.426267909567762615e-01
4.421747337629079455e-01
4.417584316354258855e-01
4.413839088418158307e-01
4.410490767274395374e-01
4.407493183936844194e-01
4.404810992534241021e-01
4.402475823416668321e-01
4.400548662890670371e-01
4.399064486248068229e-01
4.398031922086964585e-01
4.397435088698123384e-01
4.397256347161650480e-01
4.397431042195985573e-01
4.397873139954266986e-01
4.398568813025462987e-01
4.399631967258463838e-01
4.401070969868196570e-01
4.402620851207972308e-01
4.404270981435319809e-01
4.406306602772195880e-01
4.408696027467857714e-01
4.411090823512902048e-01
4.413511565303276374e-01
4.416263278809178794e-01
4.419218629859316128e-01
4.422060296220586828e-01
4.424645295530999500e-01
4.426879840129152033e-01
4.428645278711087485e-01
4.430112289175263673e-01
4.431742890754208353e-01
4.433241705873548488e-01
4.433639254836464483e-01
4.432951525713683671e-01
4.431960736065390094e-01
4.430916360307286528e-01
4.429410370222956472e-01
4.427131429475000823e-01
4.424224555177764806e-01
4.420689081481086746e-01
4.416569929607677691e-01
4.412040200073449325e-01
4.407263022187684065e-01
4.402529940373870465e-01
4.397957282897741460e-01
4.393612902222494565e-01
4.389715564968282857e-01
4.386506748566507130e-01
4.383977352210031153e-01
4.381980724806643912e-01
4.380515436003673546e-01
4.379544861573167469e-01
4.378974855592500104e-01
4.378744212541486602e-01
4.378825408520299334e-01
4.379216197433137281e-01
4.379971742696144865e-01
4.381187176258556915e-01
4.382878880536379418e-01
4.385009931819560669e-01
4.387545188292414355e-01
4.390445630335830240e-01
4.393679504386167056e-01
4.397261597461559202e-01
4.401156158154478359e-01
4.405328751336577420e-01
4.409815745351496896e-01
4.414478425329365630e-01
4.419206854027997733e-01
4.424085623098856779e-01
4.429176345803654269e-01
4.434564726007701463e-01
4.440252448984734479e-01
4.446103543415979020e-01
4.452062352343683083e-01
4.458023140859050382e-01
4.463701875872547742e-01
4.468883763423364130e-01
4.473485487144350792e-01
4.477293806964720568e-01
4.480105200640924212e-01
4.481951093006515952e-01
4.482884881404284316e-01
4.483051757929568115e-01
4.482722610561804544e-01
4.482055341841206242e-01
4.480899919232726458e-01
4.479019536390611012e-01
4.476488964102786627e-01
4.473247616255420223e-01
4.469276656437143891e-01
4.464996889847656636e-01
4.460711456943691200e-01
4.456450333064459479e-01
4.452017591962904031e-01
4.447304618348544847e-01
4.442436492759360145e-01
4.437483317360753077e-01
4.432571369888647639e-01
4.427821220383763023e-01
4.423233673545900468e-01
4.418726613036720319e-01
4.414270217861637202e-01
4.410040045969554345e-01
4.406149510763144872e-01
4.402537413445660741e-01
4.399183537898230245e-01
4.396144988327714276e-01
4.393473614746208344e-01
4.391222334185772014e-01
4.389411173795009780e-01
4.387989159549182672e-01
4.386954868146533681e-01
4.386330896007795133e-01
4.386082120459152134e-01
4.386286763076977513e-01
4.387035707082914127e-01
4.388169131017303215e-01
4.389372239467873582e-01
4.390538651083893962e-01
4.391842171470075606e-01
4.393219655752907959e-01
4.394509879773128569e-01
4.395555000707750404e-01
4.396103596246006551e-01
4.396328029075055044e-01
4.396310547802738666e-01
4.395833043096822323e-01
4.394773229940917014e-01
4.393110788882771400e-01
4.390867264491672972e-01
4.388012518040029231e-01
4.384684580280944766e-01
4.380888071536520600e-01
4.376481642716168463e-01
4.371680449252717260e-01
4.366668741117615826e-01
4.361125548538710150e-01
4.354920346942164899e-01
4.348176209741637654e-01
4.340782915297498046e-01
4.332808792412344845e-01
4.324600029589197869e-01
4.316371833555431858e-01
4.307991424509388656e-01
4.299376852561615503e-01
4.290684947296467544e-01
4.282281351379513823e-01
4.274517440785078892e-01
4.267329610195528811e-01
4.260491251911336374e-01
4.253761256259368517e-01
4.247074612097306856e-01
4.240618343200235896e-01
4.234476182884601703e-01
4.228723014214939568e-01
4.223503481450195385e-01
4.218843686889183764e-01
4.214677319831586777e-01
4.210935483864924334e-01
4.207580554271502238e-01
4.204677911386314748e-01
4.202339833394977409e-01
4.200533628437397304e-01
4.199108621685265774e-01
4.198078621782312947e-01
4.197620835292947272e-01
4.197722285918945584e-01
4.198031402428076819e-01
4.198169353927282410e-01
4.198129316585002546e-01
4.198058546406230884e-01
4.198015480118655884e-01
4.197995599070207251e-01
4.197828891187150857e-01
4.197297120919717406e-01
4.196265322526654962e-01
4.194817203470938560e-01
4.193184986616234067e-01
4.191381429992956376e-01
4.189359260140385621e-01
4.187175974831268688e-01
4.184757065695725586e-01
4.182096236463400674e-01
4.179582949062521369e-01
4.177505937975585226e-01
4.175538494946345880e-01
4.173503118738971507e-01
4.171624783649082180e-01
4.169502149910716549e-01
4.166291834865037957e-01
4.161866209543206852e-01
4.156766764421438998e-01
4.151484908120158246e-01
4.146216796637336999e-01
4.140864675829336039e-01
4.135256472187713861e-01
4.129437627347969930e-01
4.123683755680854213e-01
4.118243876415645377e-01
4.113097733879442219e-01
4.108039323922432207e-01
4.103054479477274419e-01
4.098329798518299261e-01
4.093982211020084083e-01
4.090016053530379780e-01
4.086418862736922453e-01
4.083218089311590471e-01
4.080440013315878578e-01
