0.000000000000000000e+00
6.285329004448193813e-02
1.254580301802960263e-01
1.875666533758371390e-01
2.489335544668916100e-01
3.093160613888689126e-01
3.684753948102498788e-01
4.261776123724352883e-01
4.821945338020476868e-01
5.363046432373824723e-01
5.882939652008051246e-01
6.379569107531118943e-01
6.850970904837808684e-01
7.295280911221884157e-01
7.710742126987246703e-01
8.095711633407439711e-01
8.448667089558177246e-01
8.768212752331534521e-01
9.053084995825966264e-01
9.302157308286042037e-01
9.514444746831767219e-01
9.689107832361495420e-01
9.825455869226277228e-01
9.922949676548137310e-01
9.981203720381462974e-01
9.999987638285974256e-01
9.979227150282432568e-01
9.919004352588768336e-01
9.819557392975066801e-01
9.681279529021188379e-01
9.504717573001115749e-01
9.290569729543627364e-01
9.039682834620161866e-01
8.753049006778130803e-01
8.431801723862226705e-01
8.077211340738067458e-01
7.690680065743169536e-01
7.273736415730488458e-01
6.828029171631890826e-01
6.355320858443841425e-01
5.857480775418393293e-01
5.336477604021225840e-01
4.794371622888099482e-01
4.233306560565345267e-01
3.655501118252190151e-01
3.063240196067837928e-01
2.458865857538501121e-01
1.844768068034925435e-01
1.223375243784573102e-01
5.971446488321034002e-02
-3.144732207735998451e-03
-6.599149362662067031e-02
-1.285772952818684811e-01
-1.906546450330644515e-01
-2.519780613851251849e-01
-3.123050442314895259e-01
-3.713970338075678890e-01
-4.290203540623263034e-01
-4.849471367174872927e-01
-5.389562223602164526e-01
-5.908340350059577695e-01
-6.403754266730258271e-01
-6.873844886291101686e-01
-7.316753261016779586e-01
-7.730727933887174830e-01
-8.114131864628658652e-01
-8.465448903300604178e-01
-8.783289785827688156e-01
-9.066397627768889578e-01
-9.313652894598539733e-01
-9.524077828844514926e-01
-9.696840316576875729e-01
-9.831257177957041238e-01
-9.926796868835202625e-01
-9.983081582712681756e-01
-9.999888744757140513e-01
-9.977151891962614538e-01
-9.914960935973848866e-01
-9.813561807535594594e-01
-9.673355483972903013e-01
-9.494896403548133135e-01
-9.278890272965094610e-01
-9.026191276690342935e-01
-8.737798699127284907e-01
-8.414852973000503944e-01
-8.058631169576695452e-01
-7.670541948555988920e-01
-7.252119987603976581e-01
-6.805019913552524669e-01
-6.331009759268209081e-01
-5.831963972062739199e-01
-5.309856001293205008e-01
-4.766750494464271903e-01
-4.204795132692143445e-01
-3.626212137816672842e-01
-3.033289484746273246e-01
-2.428371853785873391e-01
-1.813851358726507601e-01
-1.192158087361742530e-01
-5.657504918379272635e-02
6.289433316067026374e-03
6.912904459478434738e-02
1.316952888356239526e-01
1.937407512368967688e-01
2.550200764003101028e-01
3.152909385755026106e-01
3.743149999240187320e-01
4.318588530132969061e-01
4.876949438136345405e-01
5.416024715481897456e-01
5.933682618376204809e-01
6.427876096865384747e-01
6.896650889782615090e-01
7.338153252767277701e-01
7.750637288796013991e-01
8.132471852237330712e-01
8.482146999128017395e-01
8.798279958164291203e-01
9.079620598795461461e-01
9.325056374797072722e-01
9.533616723774290813e-01
9.704476905197969572e-01
9.836961261796099976e-01
9.930545891403677050e-01
9.984860718705224070e-01
9.999690958677468489e-01
9.974977965944997749e-01
9.910819466690197199e-01
9.807469172200398155e-01
9.665335775580414790e-01
9.484981335597951757e-01
9.267119054052853633e-01
9.012610455459449943e-01
8.722461980194862186e-01
8.397821004585394045e-01
8.039971303669409819e-01
7.650327974578911006e-01
7.230431840615102468e-01
6.781943358146670375e-01
6.306636050425574735e-01
5.806389494286053887e-01
5.283181887460508541e-01
4.739082225904435730e-01
4.176242122064668938e-01
3.596887296445367976e-01
3.003308776117510903e-01
2.397853834977360932e-01
1.782916711579772828e-01
1.160929141252310531e-01
5.343507399305771205e-02
-9.434072225897000702e-03
-7.226591192058777480e-02
-1.348119800065837592e-01
-1.968249414677037401e-01
-2.580595694288491115e-01
-3.182737148923079351e-01
-3.772292643027698178e-01
-4.346930811543960327e-01
-4.904379279164198246e-01
-5.442433646315787410e-01
-5.958966206338979221e-01
-6.451934359386927165e-01
-6.919388689775458623e-01
-7.359480674841022418e-01
-7.770469994822877258e-01
-8.150731414862618651e-01
-8.498761211906863400e-01
-8.813183121098072670e-01
-9.092753778138881193e-01
-9.336367636108461321e-01
-9.543061337287483958e-01
-9.712017522703760841e-01
-9.842568064333685474e-01
-9.934196707178106767e-01
-9.986541110764564078e-01
-9.999394282002936896e-01
-9.972705393728327206e-01
-9.906579985694317081e-01
-9.801279547221763977e-01
-9.657220483153551305e-01
-9.474972467204302307e-01
-9.255256189216782836e-01
-8.998940505233183895e-01
-8.707039001651274424e-01
-8.380705987052261552e-01
-8.021231927550441787e-01
-7.630038343715273008e-01
-7.208672189245859396e-01
-6.758799733626796868e-01
-6.282199972956424849e-01
-5.780757595003719329e-01
-5.256455526313215110e-01
-4.711367090830181903e-01
-4.147647811054068767e-01
-3.567526884142311339e-01
-2.973298366671728865e-01
-2.367312102916815097e-01
-1.751964432518702264e-01
-1.129688714290735807e-01
-5.029457036336639625e-02
1.257861783873961102e-02
7.540206458240068799e-02
1.379273379726532189e-01
1.999071852248047454e-01
2.610965104120889224e-01
3.212533436841432111e-01
3.801397981235950518e-01
4.375230104569031719e-01
4.931760618994737722e-01
5.468788754936272367e-01
5.984190863909271130e-01
6.475928816373933694e-01
6.942058061407223590e-01
7.380735316323379092e-01
7.790225855834904678e-01
8.168910371929051228e-01
8.515291377333112921e-01
8.827999127246189959e-01
9.105797035920353277e-01
9.347586566671509667e-01
9.552411575982869829e-01
9.719462094522338669e-01
9.848077530122076872e-01
9.937749280054239964e-01
9.988122742272691479e-01
9.998998717667488823e-01
9.970334197786901997e-01
9.902242534911986915e-01
9.794992993811165727e-01
9.649009686947390696e-01
9.464869897348523464e-01
9.243301795773086749e-01
8.985181561198681832e-01
8.691529916019996582e-01
8.363508089657767375e-01
8.002413226540323610e-01
7.609673256616675818e-01
7.186841248685379435e-01
6.735589268868663604e-01
6.257701768518073582e-01
5.755068527698911085e-01
5.229677182158032345e-01
4.683605363326608373e-01
4.119012482439941003e-01
3.538131191263396702e-01
2.943258553192822369e-01
2.336746959642523880e-01
1.720994827641684488e-01
1.098437115425006799e-01
4.715356935230757135e-02
-1.572303905704140747e-02
-7.853747156566878718e-02
-1.410413319249172737e-01
-2.029874520267615501e-01
-2.641308693166053434e-01
-3.242297954843721963e-01
-3.830465726031661022e-01
-4.403486129346182443e-01
-4.959093186843889223e-01
-5.495089780708060090e-01
-6.009356341631233445e-01
-6.499859230536446653e-01
-6.964658780492203327e-01
-7.401916967019425142e-01
-7.809904676459168416e-01
-8.187008543658278459e-01
-8.531737331933928470e-01
-8.842727830087763197e-01
-9.118750243150341994e-01
-9.358713055538113723e-01
-9.561667347392505123e-01
-9.726810547031599086e-01
-9.853489604676158864e-01
-9.941203574899393214e-01
-9.989605597588272490e-01
-9.998504269583003978e-01
-9.967864401570344368e-01
-9.897807157237831222e-01
-9.788609574138615876e-01
-9.640703468161516687e-01
-9.454673725938632645e-01
-9.231255991943133621e-01
-8.971333759423134602e-01
-8.675934876676020258e-01
-8.346227482478179027e-01
-7.983515386744061137e-01
-7.589232914680887898e-01
-7.164939234827827352e-01
-6.712312193409044614e-01
-6.233141679382181444e-01
-5.729322546420210216e-01
-5.202847119815795507e-01
-4.655797317939573410e-01
-4.090336419407456514e-01
-3.508700508513330485e-01
-2.913189632755459058e-01
-2.306158707424417753e-01
-1.690008203218501814e-01
-1.067174653713594823e-01
-4.401210202238525770e-02
1.886730478446758258e-02
8.167210186320413012e-02
1.441539310679598451e-01
2.060657114116911381e-01
2.671626161345204142e-01
3.272030408577712990e-01
3.859495589953255701e-01
4.431698606441267230e-01
4.986376712409895107e-01
5.521336463530717165e-01
6.034462390634252049e-01
6.523725365217903915e-01
6.987190623523673594e-01
7.423025417456071695e-01
7.829506262084636736e-01
8.205025751070862405e-01
8.548098913069251958e-01
8.857369083965288548e-01
9.131613271729830394e-01
9.369746992674380381e-01
9.570828559982709205e-01
9.734062807560021069e-01
9.858804234473954597e-01
9.944559557552774542e-01
9.990989662046814157e-01
9.997910942639262055e-01
9.965296029503369901e-01
9.893273896534934275e-01
9.782129351332089495e-01
9.632301908939121526e-01
9.444384053808292379e-01
9.219118896852267486e-01
8.957397236852554512e-01
8.660254037844402619e-01
8.328864336407729718e-01
7.964538595049303060e-01
7.568717520049927927e-01
7.142966364270216806e-01
6.688968737443399259e-01
6.208519948432436042e-01
5.703519905779038668e-01
5.175965604618775195e-01
4.627943229673007197e-01
4.061619905544737175e-01
3.479235126942846756e-01
2.883091902722221267e-01
2.275547648760821717e-01
1.659004865687126185e-01
1.035901638322415663e-01
4.087019944071331595e-02
-2.201138392622636192e-02
-8.480592447550852619e-02
-1.472651046201410296e-01
-2.091419329375642788e-01
-2.701917208837830153e-01
-3.301730504008347777e-01
-3.888487285913893587e-01
-4.459867256850750805e-01
-5.013610925876024194e-01
-5.547528543841171444e-01
-6.059508762635458234e-01
-6.547526984397358252e-01
-7.009653367675960922e-01
-7.444060458884180775e-01
-7.849030418864039182e-01
-8.222961815988072409e-01
-8.564375958933460042e-01
-8.871922744086027102e-01
-9.144385994451662558e-01
-9.380688268961652199e-01
-9.579895123154885672e-01
-9.741218804387361541e-01
-9.864021366957145265e-01
-9.947817194825853138e-01
-9.992274921960793144e-01
-9.997218742703887218e-01
-9.962629106985545491e-01
-9.888642797634358272e-01
-9.775552389476862558e-01
-9.623805092366334302e-01
-9.434000982715822214e-01
-9.206890630528626884e-01
-8.943372131310280970e-01
-8.644487554598656587e-01
-8.311418823156940805e-01
-7.945483039124460189e-01
-7.548127275607987574e-01
-7.120922854310274275e-01
-6.665559131823710626e-01
-6.183836819162166210e-01
-5.677660860947087995e-01
-5.149032902408131607e-01
-4.600043373986142381e-01
-4.032863224839808303e-01
-3.449735337945928904e-01
-2.852965660740517384e-01
-2.244914086375740525e-01
-1.627985121650952771e-01
-1.004618378521683619e-01
-3.772789267871706070e-02
2.515524538937295371e-02
8.793890841105890532e-02
1.503748218139349113e-01
2.122160861825066469e-01
2.732181536084651308e-01
3.331397947420573491e-01
3.917440527203976397e-01
4.487991802004597797e-01
5.040795557913257952e-01
5.573665762616407671e-01
6.084495209942162308e-01
6.571263852691880958e-01
7.032046790806814052e-01
7.465021883280523740e-01
7.868476953715884958e-01
8.240816561033652565e-01
8.580568308556867363e-01
8.886388666523553637e-01
9.157068285001689345e-01
9.391536776197665359e-01
9.588866947246499350e-01
9.748278466745337045e-01
9.869140950531597456e-01
9.950976454502659108e-01
9.993461364619808940e-01
9.996427676622299252e-01
9.959863660391046203e-01
9.883913906334732546e-01
9.768878753614930188e-01
9.615213102471259488e-01
9.423524615343189526e-01
9.194571313902056842e-01
8.929258581495684854e-01
8.628635582859308650e-01
8.293891115250840995e-01
7.926348907416859157e-01
7.527462384979557442e-01
7.098808922944291888e-01
6.642083608056142952e-01
6.159092535671822910e-01
5.651745667653922389e-01
5.122049279531163402e-01
4.572098026790775149e-01
4.004066661678050143e-01
3.420201433256727097e-01
2.822811204739718582e-01
2.214258323215622382e-01
1.596949277875485407e-01
9.733251836830472681e-02
3.458521281181888701e-02
-2.829885808311705456e-02
-9.107102268664031552e-02
-1.534830518962163048e-01
-2.152881407450873974e-01
-2.762418843790720446e-01
-3.361032445422142412e-01
-3.946355027494395928e-01
-4.516071963768942821e-01
-5.067930339682722440e-01
-5.599747861375926616e-01
-6.109421485454235023e-01
-6.594935735358942175e-01
-7.054370671459518904e-01
-7.485909483349898474e-01
-7.887845674326288137e-01
-8.258589809635430434e-01
-8.596675801807436290e-01
-8.900766708219063350e-01
-9.169660017960125087e-01
-9.402292407097584404e-01
-9.597743943531887867e-01
-9.755241724818377591e-01
-9.874162934567889405e-01
-9.954037305340123210e-01
-9.994548978290693775e-01
-9.995537752217639182e-01
-9.956999717068377720e-01
-9.879087269401781723e-01
-9.762108509744303886e-01
-9.606526024223209781e-01
-9.412955055295041396e-01
-9.182161068802748849e-01
-8.915056726982846236e-01
-8.612698279392313472e-01
-8.276281386027315445e-01
-7.907136389150938305e-01
-7.506723052527264350e-01
-7.076624788865062410e-01
-6.618542398298695728e-01
-6.134287342666630005e-01
-5.625774582184378536e-01
-5.095015002838766405e-01
-4.544107464448773337e-01
-3.975230500839156411e-01
-3.390633704946741656e-01
-2.792628832928318316e-01
-2.183580662446467369e-01
-1.565897641285584618e-01
-9.420223632763004284e-02
-3.144219091912031638e-02
3.144219091912141967e-02
9.420223632762760035e-02
1.565897641285560471e-01
2.183580662446443499e-01
2.792628832928261140e-01
3.390633704946751648e-01
3.975230500839134207e-01
4.544107464448751688e-01
5.095015002838714224e-01
5.625774582184358552e-01
6.134287342666638887e-01
6.618542398298676854e-01
7.076624788865020221e-01
7.506723052527201068e-01
7.907136389150922762e-01
8.276281386027322107e-01
8.612698279392301259e-01
8.915056726982819590e-01
9.182161068802738857e-01
9.412955055295021412e-01
9.606526024223213112e-01
9.762108509744290563e-01
9.879087269401772842e-01
9.956999717068375499e-01
9.995537752217636962e-01
9.994548978290692665e-01
9.954037305340128761e-01
9.874162934567887184e-01
9.755241724818390914e-01
9.597743943531904520e-01
9.402292407097592175e-01
9.169660017960149512e-01
8.900766708219058909e-01
8.596675801807467376e-01
8.258589809635464851e-01
7.887845674326324774e-01
7.485909483349890703e-01
7.054370671459536668e-01
6.594935735358987694e-01
6.109421485454282763e-01
5.599747861375976576e-01
5.067930339682712448e-01
4.516071963768965025e-01
3.946355027494450884e-01
3.361032445422232895e-01
2.762418843790709899e-01
2.152881407450898121e-01
1.534830518962187196e-01
9.107102268664629685e-02
2.829885808311950052e-02
-3.458521281181999030e-02
-9.733251836830228432e-02
-1.596949277875460982e-01
-2.214258323215529123e-01
-2.822811204739762991e-01
-3.420201433256704338e-01
-4.004066661678027383e-01
-4.572098026790753500e-01
-5.122049279531081245e-01
-5.651745667653960137e-01
-6.159092535671804036e-01
-6.642083608056124078e-01
-7.098808922944249700e-01
-7.527462384979540788e-01
-7.926348907416865819e-01
-8.293891115250827673e-01
-8.628635582859295328e-01
-8.929258581495658209e-01
-9.194571313902046850e-01
-9.423524615343193966e-01
-9.615213102471252826e-01
-9.768878753614916866e-01
-9.883913906334728106e-01
-9.959863660391040652e-01
-9.996427676622299252e-01
-9.993461364619808940e-01
-9.950976454502664659e-01
-9.869140950531600787e-01
-9.748278466745350368e-01
-9.588866947246496020e-01
-9.391536776197686454e-01
-9.157068285001684904e-01
-8.886388666523565849e-01
-8.580568308556898449e-01
-8.240816561033645904e-01
-7.868476953715921596e-01
-7.465021883280517079e-01
-7.032046790806856240e-01
-6.571263852691926477e-01
-6.084495209942181182e-01
-5.573665762616398789e-01
-5.040795557913249070e-01
-4.487991802004651087e-01
-3.917440527204031353e-01
-3.331397947420596806e-01
-2.732181536084640761e-01
-2.122160861825090339e-01
-1.503748218139408510e-01
-8.793890841106842549e-02
-2.515524538937185042e-02
3.772789267871816399e-02
1.004618378521659333e-01
1.627985121650893374e-01
2.244914086375647266e-01
2.852965660740527931e-01
3.449735337945906144e-01
4.032863224839785543e-01
4.600043373986057449e-01
5.149032902408110512e-01
5.677660860947096877e-01
6.183836819162147336e-01
6.665559131823691752e-01
7.120922854310206551e-01
7.548127275608017550e-01
7.945483039124444646e-01
8.311418823156926372e-01
8.644487554598625501e-01
8.943372131310269868e-01
9.206890630528644648e-01
9.434000982715814443e-01
9.623805092366327640e-01
9.775552389476850346e-01
9.888642797634354942e-01
9.962629106985546601e-01
9.997218742703887218e-01
9.992274921960795364e-01
9.947817194825859799e-01
9.864021366957149706e-01
9.741218804387358210e-01
9.579895123154892334e-01
9.380688268961673293e-01
9.144385994451658117e-01
8.871922744086054857e-01
8.564375958933454491e-01
8.222961815988106826e-01
7.849030418864076930e-01
7.444060458884197429e-01
7.009653367676004221e-01
6.547526984397350480e-01
6.059508762635505974e-01
5.547528543841162563e-01
5.013610925876076374e-01
4.459867256850804651e-01
3.888487285913883040e-01
3.301730504008404399e-01
2.701917208837819606e-01
2.091419329375701630e-01
1.472651046201469693e-01
8.480592447551096869e-02
2.201138392622525863e-02
-4.087019944071086652e-02
-1.035901638322355989e-01
-1.659004865687067065e-01
-2.275547648760797848e-01
-2.883091902722231814e-01
-3.479235126942823997e-01
-4.061619905544682219e-01
-4.627943229672922265e-01
-5.175965604618815163e-01
-5.703519905779018684e-01
-6.208519948432417168e-01
-6.688968737443353740e-01
-7.142966364270150192e-01
-7.568717520049934588e-01
-7.964538595049288627e-01
-8.328864336407716396e-01
-8.660254037844354880e-01
-8.957397236852543410e-01
-9.219118896852257494e-01
-9.444384053808284607e-01
-9.632301908939114865e-01
-9.782129351332069511e-01
-9.893273896534930945e-01
-9.965296029503367681e-01
-9.997910942639260945e-01
-9.990989662046816377e-01
-9.944559557552776763e-01
-9.858804234473953487e-01
-9.734062807560026620e-01
-9.570828559982716977e-01
-9.369746992674401476e-01
-9.131613271729840386e-01
-8.857369083965284107e-01
-8.548098913069264171e-01
-8.205025751070896822e-01
-7.829506262084630075e-01
-7.423025417456111663e-01
-6.987190623523664712e-01
-6.523725365217922789e-01
-6.034462390634299789e-01
-5.521336463530708283e-01
-4.986376712409946732e-01
-4.431698606441257238e-01
-3.859495589953311212e-01
-3.272030408577702443e-01
-2.671626161345228012e-01
-2.060657114116970223e-01
-1.441539310679587627e-01
-8.167210186321011145e-02
-1.886730478446647929e-02
4.401210202237926250e-02
1.067174653713535148e-01
1.690008203218477667e-01
2.306158707424428578e-01
2.913189632755469605e-01
3.508700508513274419e-01
4.090336419407401558e-01
4.655797317939551760e-01
5.202847119815805499e-01
5.729322546420190232e-01
6.233141679382134814e-01
6.712312193408974670e-01
7.164939234827860659e-01
7.589232914680895670e-01
7.983515386744046705e-01
8.346227482478145721e-01
8.675934876675972518e-01
8.971333759423154586e-01
9.231255991943123629e-01
9.454673725938624873e-01
9.640703468161491152e-01
9.788609574138611436e-01
9.897807157237837883e-01
9.967864401570342148e-01
9.998504269583003978e-01
9.989605597588276931e-01
9.941203574899395434e-01
9.853489604676162195e-01
9.726810547031604637e-01
9.561667347392522887e-01
9.358713055538147030e-01
9.118750243150351986e-01
8.842727830087775409e-01
8.531737331933941793e-01
8.187008543658312876e-01
7.809904676459183959e-01
7.401916967019417370e-01
6.964658780492219980e-01
6.499859230536492172e-01
6.009356341631280074e-01
5.495089780708080074e-01
4.959093186843879786e-01
4.403486129346204647e-01
3.830465726031716533e-01
3.242297954843711416e-01
2.641308693166093957e-01
2.029874520267604676e-01
1.410413319249214648e-01
7.853747156567476850e-02
1.572303905704208055e-02
-4.715356935230157615e-02
-1.098437115424999999e-01
-1.720994827641660341e-01
-2.336746959642534704e-01
-2.943258553192799054e-01
-3.538131191263340636e-01
-4.119012482439918799e-01
-4.683605363326570625e-01
-5.229677182158025683e-01
-5.755068527698876668e-01
-6.257701768518013630e-01
-6.735589268868645840e-01
-7.186841248685399419e-01
-7.609673256616671377e-01
-8.002413226540298075e-01
-8.363508089657724076e-01
-8.691529916019975488e-01
-8.985181561198678502e-01
-9.243301795773077867e-01
-9.464869897348510142e-01
-9.649009686947369602e-01
-9.794992993811172388e-01
-9.902242534911985805e-01
-9.970334197786899777e-01
-9.998998717667487712e-01
-9.988122742272695920e-01
-9.937749280054238854e-01
-9.848077530122081313e-01
-9.719462094522344220e-01
-9.552411575982887593e-01
-9.347586566671518549e-01
-9.105797035920348836e-01
-8.827999127246202171e-01
-8.515291377333135125e-01
-8.168910371929095637e-01
-7.790225855834931323e-01
-7.380735316323383532e-01
-6.942058061407240244e-01
-6.475928816373979213e-01
-5.984190863909276681e-01
-5.468788754936307894e-01
-4.931760618994743273e-01
-4.375230104569070022e-01
-3.801397981236022683e-01
-3.212533436841454870e-01
-2.610965104120929747e-01
-1.999071852248054115e-01
-1.379273379726573823e-01
-7.540206458240135412e-02
-1.257861783874383507e-02
5.029457036336040104e-02
1.129688714290711382e-01
1.751964432518643422e-01
2.367312102916791228e-01
2.973298366671688342e-01
3.567526884142321331e-01
4.147647811054046563e-01
4.711367090830191895e-01
5.256455526313194015e-01
5.780757595003670479e-01
6.282199972956419298e-01
6.758799733626765782e-01
7.208672189245854955e-01
7.630038343715257465e-01
8.021231927550405150e-01
8.380705987052258221e-01
8.707039001651288856e-01
8.998940505233180565e-01
9.255256189216767293e-01
9.474972467204277882e-01
9.657220483153540203e-01
9.801279547221769528e-01
9.906579985694315971e-01
9.972705393728323875e-01
9.999394282002935785e-01
9.986541110764562967e-01
9.934196707178105656e-01
9.842568064333689914e-01
9.712017522703775274e-01
9.543061337287512824e-01
9.336367636108450219e-01
9.092753778138884524e-01
8.813183121098083772e-01
8.498761211906895596e-01
8.150731414862633084e-01
7.770469994822870596e-01
7.359480674841039072e-01
6.919388689775489709e-01
6.451934359386986007e-01
5.958966206338999205e-01
5.442433646315778528e-01
4.904379279164219341e-01
4.346930811543998074e-01
3.772292643027770342e-01
3.182737148923119319e-01
2.580595694288497222e-01
1.968249414677078757e-01
1.348119800065897267e-01
7.226591192058845481e-02
9.434072225901226488e-03
-5.343507399305703898e-02
-1.160929141252268482e-01
-1.782916711579696223e-01
-2.397853834977337062e-01
-3.003308776117453727e-01
-3.596887296445345217e-01
-4.176242122064630635e-01
-4.739082225904430179e-01
-5.283181887460487447e-01
-5.806389494286005037e-01
-6.306636050425555862e-01
-6.781943358146625966e-01
-7.230431840615085815e-01
-7.650327974578873258e-01
-8.039971303669405378e-01
-8.397821004585380722e-01
-8.722461980194867737e-01
-9.012610455459438841e-01
-9.267119054052831428e-01
-9.484981335597949537e-01
-9.665335775580403688e-01
-9.807469172200397045e-01
-9.910819466690192758e-01
-9.974977965944993308e-01
-9.999690958677468489e-01
-9.984860718705222959e-01
-9.930545891403678160e-01
-9.836961261796107747e-01
-9.704476905197986225e-01
-9.533616723774300805e-01
-9.325056374797069392e-01
-9.079620598795468123e-01
-8.798279958164315628e-01
-8.482146999128062914e-01
-8.132471852237308507e-01
-7.750637288796012880e-01
-7.338153252767293244e-01
-6.896650889782658389e-01
-6.427876096865458022e-01
-5.933682618376181495e-01
-5.416024715481903007e-01
-4.876949438136374826e-01
-4.318588530133031234e-01
-3.743149999240210080e-01
-3.152909385755007232e-01
-2.550200764003116016e-01
-1.937407512369017926e-01
-1.316952888356307805e-01
-6.912904459478767805e-02
-6.289433316066811268e-03
5.657504918379027692e-02
1.192158087361682994e-01
1.813851358726500940e-01
2.428371853785832590e-01
3.033289484746267139e-01
3.626212137816641756e-01
4.204795132692089044e-01
4.766750494464258026e-01
5.309856001293161709e-01
5.831963972062726986e-01
6.331009759268183545e-01
6.805019913552525779e-01
7.252119987603954376e-01
7.670541948555950063e-01
8.058631169576681019e-01
8.414852973000476188e-01
8.737798699127282687e-01
9.026191276690324061e-01
9.278890272965067965e-01
9.494896403548125363e-01
9.673355483972906343e-01
9.813561807535592374e-01
9.914960935973842204e-01
9.977151891962610097e-01
9.999888744757140513e-01
9.983081582712681756e-01
9.926796868835205956e-01
9.831257177957052340e-01
9.696840316576896823e-01
9.524077828844506044e-01
9.313652894598543064e-01
9.066397627768907341e-01
8.783289785827717022e-01
8.465448903300617500e-01
8.114131864628646440e-01
7.730727933887184822e-01
7.316753261016811782e-01
6.873844886291154976e-01
6.403754266730283806e-01
5.908340350059572144e-01
5.389562223602181179e-01
4.849471367174921221e-01
4.290203540623336864e-01
3.713970338075652244e-01
3.123050442314893593e-01
2.519780613851280160e-01
1.906546450330703635e-01
1.285772952818704795e-01
6.599149362661824170e-02
3.144732207737115180e-03
-5.971446488320612117e-02
-1.223375243784504685e-01
-1.844768068034896846e-01
-2.458865857538516109e-01
-3.063240196067819054e-01
-3.655501118252146853e-01
-4.233306560565274768e-01
-4.794371622888066176e-01
-5.336477604021226950e-01
-5.857480775418373309e-01
-6.355320858443798127e-01
-6.828029171631879723e-01
-7.273736415730456262e-01
-7.690680065743165095e-01
-8.077211340738048584e-01
-8.431801723862188958e-01
-8.753049006778118590e-01
-9.039682834620137442e-01
-9.290569729543622923e-01
-9.504717573001102426e-01
-9.681279529021187269e-01
-9.819557392975060139e-01
-9.919004352588760565e-01
-9.979227150282431458e-01
-9.999987638285974256e-01
-9.981203720381462974e-01
-9.922949676548141751e-01
-9.825455869226290551e-01
-9.689107832361503192e-01
-9.514444746831763888e-01
-9.302157308286049808e-01
-9.053084995825988468e-01
-8.768212752331573379e-01
-8.448667089558199450e-01
-8.095711633407438601e-01
-7.710742126987265577e-01
-7.295280911221924125e-01
-6.850970904837873077e-01
-6.379569107531101180e-01
-5.882939652008056797e-01
-5.363046432373855810e-01
-4.821945338020536265e-01
-4.261776123724376752e-01
-3.684753948102485466e-01
-3.093160613888704114e-01
-2.489335544668960787e-01
-1.875666533758446053e-01
-1.254580301802925013e-01
-6.285329004448138301e-02
-2.449293598294706513e-15
