8.409555260021349399e-02
-3.131252023761958020e-02
1.844978366943715309e-01
4.959120830145710701e-01
2.209986505265867929e-01
2.436887503601551375e-01
4.433785990916233599e-03
1.317069295792314132e-01
4.076426442858763766e-01
4.168542675282459475e-01
5.762941790632275518e-02
-1.214287269232101618e-01
1.332042830210799222e-01
3.343653201436003197e-01
3.301795327679476477e-01
8.198126842872831554e-01
6.328831035000419547e-01
5.348357847663887110e-01
6.613519792126090202e-01
6.986884255497106677e-01
5.974256933569352945e-01
8.711359963764645498e-01
8.684940132941306734e-01
7.886725223816453134e-01
1.905222292020372077e-01
2.383953731688504551e-01
4.706302611870279984e-01
7.264699582152883695e-01
9.094878169487825570e-01
4.982342337193556014e-01
4.189752229722798482e-01
7.468013885499898974e-01
7.188173100484519518e-01
6.152056915757693201e-01
-2.300653565106194343e-01
5.147379796751982983e-02
-1.636494397992168670e-01
9.995269031339144572e-01
3.037222366728337675e-01
1.425726609530413302e-01
-5.382432462911340698e-02
1.043884224729441923e-01
-1.924396319954443380e-01
2.465989123059169619e-01
6.105787568893801254e-01
4.147822166840347546e-01
-4.305197297273998247e-01
2.206025111218799795e-01
-4.835277630796464554e-01
1.181854370107487673e-01
-2.048495297223872635e-01
-3.287632010367743107e-01
-2.810842392161852499e-01
-2.560572913214638757e-01
2.840680894456274475e-01
7.540133097413886931e-03
1.067378205230451738e-01
2.070925333253447742e-01
-9.840004267030919016e-02
-7.168819159571320210e-01
-5.323558846642028053e-01
-5.596197753854474932e-01
-1.510862573412355137e-01
-4.161703870598115196e-01
-5.352938687462404088e-01
-1.463721726671896595e-01
-1.294630405325509770e-01
-3.768394452026974095e-01
-1.081860133727050810e+00
-4.973649597797633048e-01
-7.199377389662531268e-01
-3.692299766168588571e-01
1.451336717909230134e-01
-5.320774422525570424e-01
-6.248761267651596896e-01
-7.991560674119679852e-01
-3.481939184445385083e-01
-9.618537891973910625e-01
-1.016119527949135071e+00
-9.334567018818744621e-01
-5.391210153658190229e-01
-6.019721438933960389e-01
-9.877453820677740692e-01
-3.830553360255375406e-01
-6.616433387337050664e-01
-1.905021555637803898e-01
-4.083613294386001513e-01
-2.748761493479071061e-01
-3.616442182007791328e-01
-5.878226246925786214e-01
-3.826896867514289480e-01
-3.635594475569956519e-01
-7.547409297611892276e-01
-4.073732740102646854e-01
2.368784024589376258e-01
-1.733352925622837215e-01
-3.931909323176354110e-01
6.976184923262290782e-02
-3.536206988713951338e-01
-6.871063514707382858e-01
1.874974487179349170e-01
-2.587214458666636102e-02
2.288929823725185247e-02
-4.198887020666084435e-01
4.437482425849593737e-01
5.135791125358812881e-02
-2.831502935461233106e-02
3.809374837914192291e-02
7.291209902921031993e-01
-1.193902760117893647e-01
3.488230582392309320e-01
6.671782192856051674e-01
2.294044689461460229e-01
7.146539848073324430e-02
5.965524809696853836e-01
2.193380657775775566e-01
4.462493717978817664e-01
2.486932967244945836e-01
1.068461566813982522e+00
6.348244679793132450e-01
8.013540687750475566e-01
2.589992141303558149e-01
3.566108533454283025e-01
7.360443638130531596e-01
6.917391376194477193e-01
1.861920845786235179e-01
5.283361097262327943e-01
-9.441847864289309999e-02
1.616585472537305779e-01
3.539324414492742710e-01
6.787336771052892015e-01
1.077041139467704856e-02
6.493720777079987627e-01
-2.159358699580192775e-01
5.524307028291213228e-01
9.800505949430532437e-02
6.774205259128111001e-01
4.336944909741308196e-01
1.837332914674212059e-01
2.648562618371980149e-01
1.361304224883118918e-01
1.577002852895948715e-01
4.311035169116116395e-01
4.089471178790031747e-01
-3.500876327938927668e-01
3.336798983728962442e-01
5.026684766099837054e-02
4.400578886060681483e-01
-1.151008297704571026e-01
-6.493411361345124977e-02
3.837831985493657672e-01
-1.963023977520851338e-01
-5.835148505204761082e-02
3.593275801075929143e-02
-2.327155676393189432e-01
-4.214301818656975285e-01
-6.872301397131441725e-01
4.801033344773683598e-02
1.760640849238766514e-01
-7.264187632111072102e-01
-4.462416596283694803e-01
-4.583186897245778990e-01
-5.572468023524418390e-02
2.005664578038952039e-01
-7.763665469714355893e-01
-7.320054477507202950e-01
-1.087607344005631971e+00
-1.183133670587916297e+00
-1.071749052204778341e+00
-3.633620228302283373e-01
-3.044821837834280620e-01
-9.684166226572921143e-03
-2.841594534290694529e-01
3.870031865904747237e-01
-6.261716557106902226e-01
-8.899248891225782776e-01
-4.414488607609078352e-01
-1.045034559795061213e+00
-4.408815626346805350e-01
-1.082430244453898571e-01
2.052261469998504784e-01
-2.460805183437546895e-01
-6.167058980024605619e-01
-3.488282457677102655e-01
-4.225989581020902497e-01
-6.937938329971131690e-01
-5.466589863551641892e-01
-4.407466229066088204e-01
-1.579933353878276714e-02
-1.347257818429088150e-01
-2.833189861469787019e-02
-1.603664233893755675e-01
7.067313551636478230e-02
-8.158696831052387743e-01
-3.098204210338162956e-01
-1.332243901378711570e-01
3.027922040511419888e-01
9.798059996791033677e-02
2.359450947635233498e-01
-2.826705028011533005e-01
-7.427840342410158003e-02
1.876244233012364648e-01
-3.664378122519379444e-01
1.761972631917100574e-01
6.368090165097468613e-01
1.820169559764245049e-01
7.352185037559082481e-01
2.480760044844785017e-01
6.355418721703032237e-03
8.527889376828406975e-02
7.273314776370378709e-01
6.907852763223903958e-02
7.439345138731383589e-01
5.842904383328397788e-01
-5.489048876276753086e-02
1.918048919209927594e-01
6.963468609023681921e-01
3.528323001492085775e-01
1.899372535129151274e-01
1.014845490847385401e+00
5.835591419414098979e-01
4.245136865994479369e-01
8.783691371743489462e-01
1.261502031956893144e-01
7.143864783651732164e-01
5.494689010919133754e-01
8.656392452387483560e-01
3.735617507202134147e-01
4.762483433714783110e-01
3.967737306873416192e-01
2.101243240591871286e-01
6.904696348598271527e-01
2.943551496246127885e-01
4.478823546466955685e-01
7.309642867134619193e-01
1.165717638174727844e+00
7.272275726009833630e-01
-1.787451157125696799e-02
3.339929396495581737e-01
7.143669733603388305e-01
3.211450168621703960e-01
4.683401988469684252e-01
1.967670343869712957e-01
3.675832279056422403e-01
1.650113028216742828e-01
2.185266141593764366e-01
-3.000690254428331483e-02
-6.365250161153028496e-02
1.401022778584748441e-01
-4.080410368496364959e-01
3.710920316457446133e-01
-2.144147661287957862e-01
-5.828285737894182139e-01
2.165635353428074505e-01
-1.149316020919399772e-02
1.937441706436482669e-01
-8.290814336903203075e-02
-6.885637631214267529e-01
-6.629646315410877566e-01
-1.790041355174426252e-01
-5.443757499224105567e-01
-3.016179952988866098e-01
3.253483778371357715e-02
-6.729335994775289542e-01
-1.280617970602161426e-01
-5.500042147881936128e-01
-2.640261972325405049e-01
-8.500875709101365363e-01
-4.015951191288125166e-01
-6.561091183324787579e-01
-5.676792350556576494e-01
-2.386029800298989922e-01
-4.803417158877340554e-01
-3.786855412914094665e-01
-7.288444120838868390e-01
-7.284976226732082782e-01
-2.794753200373640833e-01
-5.971796507684848931e-01
-6.800700548751987817e-01
-6.584141547450520493e-01
-5.361853966668527205e-01
-7.316437073529253876e-01
-5.037643438312744415e-02
-4.212474984828987745e-01
1.543530092331870662e-01
-4.224541509875233136e-01
-4.288725185550714691e-01
-3.256057412912857219e-01
-7.212836730532041774e-01
-1.690177225178012554e-01
-2.201057757784517510e-01
1.875077911942215070e-01
2.692237991677977060e-01
-6.618923010437789411e-01
-4.418318488751065143e-01
-2.693131549219924814e-01
2.869475244216126431e-01
-3.550548691165488213e-01
4.059070702005873610e-01
3.330003185235133611e-01
1.131910650032707938e-01
4.731747999305307428e-01
-1.108846712225586145e-01
-9.123680423329001699e-02
2.010284149131387477e-01
-3.823441867559776441e-02
2.960747432803465529e-01
3.168934639125884356e-01
2.691853139878125911e-01
-9.863697240196167559e-02
-1.350070375875846440e-01
7.649302120130065941e-01
-2.934300293048470731e-01
1.762267303721091194e-01
4.984875451175815875e-01
7.396902418758652953e-01
4.832425335029577051e-01
8.066426856407593604e-01
-2.142492099942553407e-01
5.773769933114261121e-01
1.693849501869003071e-01
2.920028968241771272e-01
5.326074386172973130e-01
6.966312640945759860e-01
8.617901155442273531e-01
3.993130698189855665e-01
9.371708830819374114e-01
6.453623470396910866e-01
6.431176081287622859e-01
1.020245446114241838e+00
2.866469911909563795e-02
5.565249957782192336e-01
1.879489045866191699e-01
2.605627895098193703e-01
6.596905903559819873e-01
-7.945944663646703487e-02
1.977054199649292410e-01
3.994328670427119699e-01
6.497177919200071150e-01
5.867239798095422731e-01
-1.227729492078638573e-02
1.009750189610486848e-01
1.119227908788287124e-01
7.364219919386447155e-02
3.138845982879845953e-01
-1.012661320554265609e-01
2.539827768783302631e-01
1.278672717170264983e-02
-1.476244053367026243e-01
2.817585918908431242e-01
6.985080580565660169e-01
-3.054094080218928975e-02
-2.541534793457730368e-01
-2.205162588706422733e-01
1.104426013767491610e-01
-2.042226159299609378e-03
2.557470709777048823e-01
1.021005064372093318e-01
-1.448732447850121230e-01
-6.501028842379044104e-01
2.839025761295427830e-01
1.476063584836906917e-01
-5.955778843317840465e-01
-1.174047863967183636e-01
-8.080454187994898785e-01
-4.560436792178456655e-01
-7.166647196010641485e-01
-2.772346691595010681e-01
-4.112415346727831267e-01
-1.510479174048434126e-01
-5.022907325929417688e-01
-6.602336244301296730e-01
-1.942293201241464540e-01
-1.386182752860554146e-02
-4.893240940237228442e-01
-9.013650187882236153e-01
-1.184457966422286512e-01
-4.159719392614660283e-01
-1.157889240007690668e-01
4.360191587078549036e-02
-4.684135242456033965e-01
-5.256512633688402714e-01
-1.698453809336411546e-01
-2.001698013085556893e-01
-4.705351413373988212e-01
-2.804141939375310311e-01
-6.957866849106152385e-01
-9.940401044865004865e-02
-1.772296809076826241e-01
-1.141517723752742963e+00
-5.669843767887999819e-01
-1.677640550275507070e-01
-4.042119788122699453e-01
-3.016208801901400505e-01
1.795396829350550394e-01
3.070114297266024472e-02
2.703808669146516852e-01
-2.766553920691567914e-01
-3.549922147386337379e-01
-2.271430202744724181e-01
2.899989085943333045e-02
-1.068463582495919051e-01
4.416705092231874574e-01
1.148872035197991276e-01
-1.816338181079625858e-01
-2.754379318338331939e-01
5.576015104780339682e-01
8.700190620068659619e-03
-2.196485592194352687e-02
6.066470138277013646e-01
3.720624123954018869e-01
3.978880582037183089e-01
4.225982506310289599e-01
3.096325082832648845e-01
4.917043985964075770e-01
4.940406182311762873e-01
2.568349379368758956e-01
1.845980178871554078e-01
8.308229176659815973e-01
2.221586202589417303e-01
3.113533512147025339e-01
3.842071290068455047e-01
7.580875274276026587e-01
6.819261329648458325e-01
8.833461083759420740e-01
8.684026927656346428e-02
6.963606070201910914e-01
8.031350426007428656e-01
3.929429878150146882e-01
4.155008172027955249e-01
1.519341582019361758e-01
3.198127035056556600e-01
3.016312604113162710e-01
-1.079602104802540596e-02
6.417154288984581179e-01
4.940917127949528975e-01
9.408763986763485354e-01
1.601960544050516910e-01
-2.126446777730000570e-01
6.749933603553796013e-01
2.963998841600323231e-01
6.882917661947305366e-01
-1.087755203631074474e-01
-2.408392647379084262e-01
1.069409702292139774e-01
1.799607214582479853e-02
3.599924476400239159e-01
3.148955088686102299e-01
-3.703870080207027904e-01
1.644488414606749549e-01
-8.204649509652690853e-02
-2.295476282371405885e-01
-1.696146063422040995e-01
6.336776477229022486e-03
-2.211662553606119075e-01
-2.519744088397959936e-02
-1.406311243806026567e-01
-4.222919926439804295e-01
4.644886822865691434e-01
-3.480413248814796523e-01
-5.645828019424896649e-01
-6.700194520971534118e-01
-3.007159141811580616e-01
-4.695455303738838015e-02
9.692351292184697709e-02
-1.053461887986568701e-01
-8.013069851717249392e-01
7.476288924583074369e-03
-1.019037219187027277e-01
-8.319277391640123032e-03
-9.703189776665021027e-01
-1.940363051779106507e-01
-1.712873917252392686e-01
-4.214332975586735919e-01
-8.097386079769477440e-01
-4.038173101315971625e-01
-3.120617155311087298e-01
-2.375811981908044213e-01
-6.600402424749240993e-01
-3.056045430070810642e-01
-2.753599991460599083e-01
-1.671133758173766193e-01
-6.139706820064753101e-01
6.457236372683294867e-02
-6.790702140822426625e-01
-4.350098773964250487e-01
-6.812580611582521595e-01
-3.573089200400593191e-01
-1.274055748374815500e-01
-3.890411329567116105e-01
8.523823706365785124e-03
1.217720611702475253e-01
-1.317421887282475557e-01
-4.777002182824635623e-02
-3.182113311982283088e-01
1.389576538939181483e-01
-3.437441564906704161e-02
-2.416334619797058936e-01
-7.172752964815243271e-02
1.843104466111399886e-01
1.518288147317477244e-01
4.005991119997741046e-01
3.872688568642413398e-01
-2.026144121694716249e-01
3.183672857161330694e-02
-8.805988057469715802e-02
1.188353604250707712e-01
1.991918275013948580e-01
5.887728418596901991e-02
3.846821964540242389e-01
4.687799023489271910e-01
1.241078477355538057e-01
1.821738383835076747e-01
-1.458676274217508007e-01
2.972342283818616426e-01
4.847209288322408272e-01
2.394413212455561990e-01
4.673376684412674509e-01
-3.004051946846189036e-01
2.104630110201726745e-01
-1.067364792933300222e-01
4.931590865431696447e-01
-7.656259720358565835e-02
1.253389750817083037e+00
5.426782951895604556e-01
5.323067429436054709e-01
1.067568370107124798e-01
4.716377770371219524e-01
6.910711039652790433e-01
3.583798196779081069e-01
-8.031231504847757829e-02
6.866208664223988345e-01
8.129854893160617380e-01
7.360808803863787553e-01
5.772164831745962843e-01
-7.336849422263053144e-02
3.919318915029570971e-01
6.973514804364273623e-01
4.256232423380381658e-01
3.285225346716817985e-01
5.305266187870427697e-01
-3.559694399372811957e-01
4.282071554141180236e-01
4.651376626058295605e-01
-4.866791880300725404e-01
3.821447370036276103e-01
4.882204354957668802e-01
5.343763997384024522e-01
-4.209465574258443310e-02
-1.321489857417758318e-02
-1.299635062380596062e-01
-5.194895495168627697e-02
-2.634264960301484909e-02
6.769455415748268923e-01
-1.560682512605843231e-02
-3.949368307398152256e-01
-2.580249986280648278e-01
-4.317841885616904296e-01
-7.105684200465360867e-01
-2.286940162965341306e-01
4.228186529720955322e-01
-2.868715859067966778e-01
-2.191881450835822809e-01
-2.935182438438788122e-01
-5.894208865314425339e-01
-7.624125795835788866e-01
-3.023005562316735118e-01
-1.734200607803212946e-01
-4.267729303159601417e-01
-8.142692928806858355e-01
-6.800862827920584053e-02
-5.140137549122770766e-01
-9.757746763324568473e-01
-4.345031515149903045e-01
-8.454501499044336787e-01
-5.857231829228662923e-01
-6.548687096045854306e-01
-8.147843406491696028e-01
-7.291629401295758317e-01
-6.512439798963063353e-01
-6.699507895714389427e-01
-5.893898985659312695e-01
-5.701317547561253196e-01
-3.600906597732754788e-01
-3.834805312763565066e-01
-7.418809434416699933e-01
-3.983615995457892578e-01
2.085888280097205616e-01
4.354628213843063644e-01
-4.548404000460396501e-01
5.781704033910434193e-02
-4.381697007213655182e-01
-3.274210980652081382e-01
-3.122984538076263861e-01
1.592595715262106748e-01
2.521784251633232832e-02
4.473146165639646510e-01
6.333845285590719576e-02
4.408355347592153861e-01
9.717200901123718149e-02
-2.193437403630992266e-01
4.329518422411827161e-01
-1.423317835088017402e-01
3.069314183352546133e-01
-5.846001274145559146e-01
2.371010600474281471e-01
-9.544235331551176316e-02
5.065644355329396165e-02
4.028134587903645092e-01
3.156182768738962086e-01
2.259964336970358700e-01
-1.596164715187977645e-01
1.144322975865522674e-01
3.027527992365622866e-01
4.657288739721142656e-01
2.352268185259112354e-01
5.716235650863581430e-01
4.277884248278084334e-01
5.258337567347696195e-01
1.874196860067832704e-01
6.118639668759447980e-01
3.054029369131520122e-01
4.319905763107490526e-01
4.750877665958512241e-01
7.816701562186270102e-01
3.821871882485298189e-01
-1.680206805916682478e-01
5.092222578181474502e-01
3.758086974402343738e-01
8.869572767382648548e-01
7.770638561827927226e-01
1.060997419064029224e+00
2.394100873222646531e-01
2.734589401965931699e-01
1.919439500080640515e-01
1.976330592208607184e-01
1.309511890297330727e-01
3.348552931003520583e-01
-2.703991896650669857e-01
3.014156570981724736e-01
4.726876275919635328e-01
-1.264817377640203855e-02
-1.928988541112495736e-01
4.166897145042998130e-01
4.870896755384116483e-01
2.447352369635696911e-01
8.160839862816961221e-02
-1.135374901102068068e-01
-3.284456459814267260e-01
-2.330791282846839951e-01
9.341285579733288325e-02
-3.444937989837699721e-01
5.291139726129867604e-02
-1.165687970945703533e-01
-2.194022446467269738e-01
-1.738101404067624867e-01
-3.503397343826083477e-01
1.843266692062463241e-01
-3.050390965710673696e-01
-4.747538040196666032e-01
-2.662216715750658769e-01
-9.734643048338091909e-01
-4.798485813746655726e-01
-2.261217841222238345e-01
-5.949545874798680689e-01
-1.103392638067553833e+00
-7.793817962916684827e-01
1.181634425854371506e-01
-1.598630277877758354e-01
-2.097713261607450086e-01
-4.181149151663778873e-01
-4.947948206425936135e-01
-6.884546986848762984e-01
-7.298188556755688117e-01
-3.614558234651619739e-01
-4.431301578852747669e-01
-6.317206241180055581e-01
-7.500220959330505810e-01
-9.552981081080538228e-01
-4.630637206940015349e-01
-4.470414995315845630e-01
-4.031566048957768711e-01
-6.704428526847416858e-01
-2.511292032160756804e-01
-6.411852818394705444e-01
-3.313640144970821377e-01
-1.692354888195407581e-01
-1.481815019009588841e-01
-1.298501148088853085e-01
-2.777442614419480260e-01
-1.952304389234370829e-01
5.439726708040981684e-02
-9.237104779693945389e-01
-2.867024780726258326e-01
9.047617084741568783e-02
4.520248341962634919e-02
-1.577094644396173639e-02
-2.150328807661306130e-01
2.366558845102633424e-01
8.376486119860190316e-01
3.456028048101689176e-01
1.034882144890619249e-01
-2.039068535264234316e-01
4.331846025423792823e-01
5.655138349877837367e-01
3.761350338555119466e-02
-4.974679517164889986e-02
5.122735745720214950e-01
-1.545890899551917719e-01
-2.386113393987182585e-02
3.065293152745310890e-01
8.906738951245753988e-01
2.843049926743769773e-01
1.641326172670710126e-01
7.762988678253854857e-01
2.454666772628127935e-02
8.253969530183687953e-01
3.701772497273022045e-01
6.142251384952579496e-01
3.810082991240446582e-01
2.941726445988617211e-01
4.006504881016396680e-01
3.845079320941857115e-01
3.326194886142114227e-01
1.004142411587817030e+00
8.247950492185289750e-01
5.583423326192410441e-01
5.841874601804164513e-01
5.236788447675451152e-01
-4.280489331399496833e-01
9.267822190916532588e-01
4.971558183852468060e-01
4.800250068554241523e-01
2.568037592992201135e-01
1.259271088832407681e-01
4.291550155733739325e-01
3.742087307170557375e-01
2.267888923447804461e-01
7.621731957945652169e-01
4.680235202583343801e-01
4.560384869023444421e-01
-6.628737624996564048e-02
-1.477305893682420157e-01
8.063514825104760586e-01
3.433944628229574914e-01
3.170717678420844621e-01
1.841230213038310137e-01
3.398700699382674051e-01
-2.744678911656645570e-01
-2.988054382462462799e-01
8.459053218943130004e-02
3.296082383703333729e-01
-2.800660154809716529e-01
-3.325030942024017055e-01
3.570997769520760090e-01
-5.321262541268003687e-01
-7.622997870690196853e-01
6.347590602509517455e-02
-5.205042307297702564e-02
-5.092813404423627288e-01
-2.282906669062232385e-01
1.697182193756210933e-01
-1.577205996178929759e-01
-2.226048856493700601e-01
-1.788557853484417648e-01
4.520192921619038962e-01
-3.070150086370918574e-01
-2.710128563041511729e-01
-2.257395863558912252e-01
7.414765986835142320e-02
-6.585799442551560912e-01
-5.202201040886007544e-01
-9.739269066768529992e-02
-5.198995531460713915e-01
-8.985618068023840666e-01
-4.905939704898408804e-01
-3.810898104458855795e-01
-1.973390212664778431e-01
-3.782010712849379619e-01
-1.109463189263615313e-01
-2.332711913773377332e-01
-1.378489781675105164e-01
-6.740130862598915362e-01
-7.165962522899613774e-01
-4.796159780345828350e-01
-4.709416827350687007e-01
-5.459971837515353865e-01
-2.853206478578803051e-01
-3.962118484254626427e-01
-4.352423579092753458e-01
-1.267443869619962471e-01
-1.505618728669002593e-01
1.109493993771814013e-01
-1.862402231309629175e-01
1.265175277315225277e-02
-4.518761430668624124e-01
-9.423822960319175324e-02
-2.268256958150035862e-01
2.241032246639095005e-01
2.632158588085440343e-01
2.886947837347698942e-03
9.915693330920305470e-02
1.186648659530817052e-01
5.061715729285276577e-01
2.833895327363013528e-01
2.357324839046590070e-01
-2.596037579635213088e-01
5.508204942723027298e-01
4.701208988599266392e-01
-1.275108391255566076e-01
1.625066403394609393e-02
3.358244606343407934e-01
5.643673294158401132e-01
-2.756421347616345718e-01
2.924545373317590236e-01
2.590967976946274010e-01
5.080214363959959512e-01
3.288285675947565379e-01
5.960410803754581099e-01
4.478487494762971033e-01
8.515723385397167000e-02
-3.056543042919918074e-02
1.138221630584369759e+00
8.662345428583788642e-01
2.018770686269122372e-01
2.253895795689290771e-01
3.437848176008091450e-01
9.156573975133148746e-01
2.962436343490399970e-01
6.963953534443587667e-01
5.624567238489541765e-01
3.701965655606183625e-01
5.742347191461554257e-01
3.354177487954762560e-02
2.823892028704643176e-01
9.115100951597204793e-02
6.961331720569136072e-02
-2.725951778140541792e-01
-2.681902725253355602e-01
8.928777477161681242e-02
-2.243040694376973732e-01
9.601504461145105029e-03
-1.440818944433319704e-03
1.891399903479580591e-01
1.728871240670221132e-01
2.739552565138529960e-01
3.057845935463641696e-01
-3.316315768864512847e-01
-2.008435457083364850e-01
-2.679768439860490958e-01
-3.272896261369458437e-01
-3.116117219110317027e-01
-3.215391786220793691e-01
-2.519814571104739831e-01
-1.383863980248309367e-02
-5.165836348631241970e-01
1.235210255183913364e-01
-3.579843251274751892e-01
-4.597377287549795355e-01
-1.652944556062308501e-01
-2.352007492808652622e-01
-1.006879768403160236e-01
-7.801044178699811926e-03
-2.727796061921847759e-01
-1.720279938481818482e-01
-2.244574156244257268e-01
-4.255138143796967087e-01
-5.823919679198700239e-01
-5.022776757903554268e-01
-6.307186554897873387e-01
-8.478765391337794721e-01
-6.647894622505746698e-01
-7.097915861082684241e-01
-6.632683083980486227e-01
-4.036703078255822197e-01
-4.203288083355637417e-01
-3.320223283120014024e-01
-8.067055355592570587e-01
-4.422881568965112420e-01
-5.707597451796673216e-01
-8.571435900844461830e-01
-2.324874006357958711e-01
-3.295785460073625273e-01
-1.335710550328622626e-01
-4.020425490438568894e-01
-6.029095639052955979e-01
-2.579648365019856504e-01
-5.130918094389899098e-01
-2.513400386930348396e-01
-2.158292254082994077e-01
-2.681692624365692446e-01
-2.908046906123163966e-01
-6.826112111576776442e-01
-1.362796304505128064e-01
-1.066050778915557939e-01
-3.314570447805809117e-01
-6.282070748013800499e-01
-2.744110231223101937e-01
-7.988601999093617456e-01
2.670997560455282138e-01
-2.354561214123295221e-01
2.211333699383284390e-01
3.319904246293581274e-01
-1.837214274544515247e-01
2.828523287089446114e-01
-2.094173761378048670e-04
-2.740384286842952877e-01
4.034397064001954414e-02
3.488699903340465314e-01
5.976541624386790819e-01
1.088619536924034514e-01
1.726822912316382796e-01
5.881106630042409744e-01
1.077325740126255926e-01
9.645674935509400694e-01
2.791076207682850474e-01
3.209959950313887034e-01
6.284478080125572852e-01
4.141581233522595995e-01
7.455588604145235720e-01
2.936588294486651707e-01
7.792346461208545794e-01
2.895488378007300412e-01
4.861766882728866257e-01
5.568277595630941601e-01
4.981006513593487783e-01
1.142919180003087454e-01
5.809830882264105378e-01
7.017174941916020092e-01
2.773182548755133148e-01
7.946677818692631234e-01
4.671354693769481092e-01
5.039021853902999615e-01
3.202985066861890884e-02
5.015490379866612836e-01
4.225294138816800826e-01
3.685365264492321269e-01
2.161692657655909511e-01
-4.455036106516410133e-01
-1.478145040803402477e-03
-1.887402542043792320e-02
3.624484113020294274e-01
6.853233145306194540e-01
6.711488622675454430e-04
3.015238327306138943e-01
1.244100012170138853e-01
-4.611491903562102701e-01
-5.987904609757260799e-01
-4.974446485101308713e-01
-1.272165295559731790e-01
-4.611261089723956430e-01
-1.122701866339801263e-01
6.397835552840123174e-01
2.677314024279591198e-01
-8.636139639235178300e-02
-2.480220867734733992e-01
3.730951863461066109e-01
1.659084155588958498e-01
-7.144129915648725349e-02
-7.298763651957054233e-01
-4.543440028018143062e-01
-2.791034649049974892e-01
-3.178469086226440310e-01
-1.706567528730456862e-01
-3.708554553891329486e-01
-4.778318322902784243e-01
-5.304616509607056329e-01
-5.619050177190636486e-01
-2.062902390910995032e-01
-3.323492889492928315e-01
-3.696511856794377215e-01
-2.483376928418067897e-01
-3.170746139915220363e-01
-4.367008465982733512e-01
-1.346777765866685184e-01
1.641094999587635050e-01
-1.575386186068963856e-01
-4.758310325041184008e-01
1.242712420861628031e-01
-3.089211144157767430e-01
-9.196437329379807402e-01
-1.109364358509298487e+00
-4.558244899966670260e-01
-4.453797055864044396e-01
-5.423973850728425194e-02
-4.392575215540950317e-01
-3.782497053423196087e-01
-6.564464363155873006e-01
-1.142918328397848626e-01
-1.706468666898485476e-01
1.434188496234719556e-01
-6.006738839025785870e-01
-3.397516982999507218e-01
-2.585034829955922819e-01
1.131312403860915416e-01
-1.616692821096937793e-01
-5.582923405625123819e-02
-1.507456409943722653e-01
3.788844447954357042e-01
6.633645218212270711e-01
